Brain_Indiv1	Cerebellum_Indiv1	Heart_Indiv1	Kidney_Indiv1	Testis_Indiv1
ENSOANG00000016473	290	335	331	484	17
ENSOANG00000016373	15	18	327	10	30
ENSOANG00000027910	0	0	0	0	0
ENSOANG00000028049	0	0	0	0	0
ENSOANG00000017082	0	0	0	0	0
ENSOANG00000016550	1	4	18	1	0
ENSOANG00000024722	1	0	0	0	0
ENSOANG00000016790	0	0	0	0	0
ENSOANG00000024796	2	2	0	0	144
ENSOANG00000026853	0	0	0	0	0
ENSOANG00000027246	0	0	0	0	0
ENSOANG00000016735	0	0	0	0	0
ENSOANG00000016417	0	0	4	0	0
ENSOANG00000025059	1	0	0	0	0
ENSOANG00000026457	7751	198	0	1	2
ENSOANG00000027183	0	0	0	0	0
ENSOANG00000016083	5657	1001	4	7	60
ENSOANG00000026289	0	0	0	0	0
ENSOANG00000022833	0	0	0	0	0
ENSOANG00000026165	1	5	1	3	0
ENSOANG00000024938	0	0	0	0	1
ENSOANG00000016172	20524	27827	1	50	0
ENSOANG00000026638	12	1	50	3	0
ENSOANG00000026430	1	0	0	8	0
ENSOANG00000017000	75607	69487	57446	143822	4991
ENSOANG00000025339	9	7	1	4673	4
ENSOANG00000024533	1	2	1	2	0
ENSOANG00000027919	0	0	0	0	0
ENSOANG00000016100	0	0	0	0	0
ENSOANG00000028163	0	0	0	0	0
ENSOANG00000022784	0	0	0	0	0
ENSOANG00000027399	0	0	0	0	0
ENSOANG00000022841	0	0	0	0	0
ENSOANG00000016993	0	0	1	0	0
ENSOANG00000017027	835514	1465413	159724	591709	6960
ENSOANG00000026667	2	2	2	2	0
ENSOANG00000016835	0	0	0	0	0
ENSOANG00000016269	0	0	0	0	0
ENSOANG00000026879	1	1	3	5	0
ENSOANG00000024696	83	39	2	3	0
ENSOANG00000017019	8	22	27	22423	4
ENSOANG00000028093	0	0	12	0	0
ENSOANG00000026859	0	0	0	0	0
ENSOANG00000024196	0	0	0	0	0
ENSOANG00000017022	4205	1165	0	0	0
ENSOANG00000024703	49	35	21	18	0
ENSOANG00000027332	0	0	0	0	0
ENSOANG00000028011	0	0	0	0	0
ENSOANG00000027002	0	0	0	0	0
ENSOANG00000016433	165	19908	2281	486347	2978
ENSOANG00000028173	0	0	0	0	0
ENSOANG00000017070	0	0	0	0	0
ENSOANG00000024442	2	0	2	11	1
ENSOANG00000025810	21	7	0	0	0
ENSOANG00000027487	0	0	0	0	0
ENSOANG00000017058	571	2283	738	1376	26
ENSOANG00000016608	21252	68339	49679	76015	23639
ENSOANG00000016294	59	147	21	28	2
ENSOANG00000016999	0	0	0	0	0
ENSOANG00000016151	3868	1544	865	619	56
ENSOANG00000016636	4	5	0	5	15
ENSOANG00000027262	0	0	0	0	0
ENSOANG00000024646	0	0	0	0	0
ENSOANG00000024622	357	51	1	0	0
ENSOANG00000028114	0	0	0	0	0
ENSOANG00000016770	864	666	9	29	8
ENSOANG00000024940	2	5	0	0	3478
ENSOANG00000016939	0	0	0	0	0
ENSOANG00000016769	42	19	137	72	15
ENSOANG00000024675	2	4	1	0	1
ENSOANG00000027613	0	0	0	0	0
ENSOANG00000027714	0	0	0	0	0
ENSOANG00000017064	0	0	0	0	0
ENSOANG00000027833	0	0	0	0	0
ENSOANG00000027626	0	0	0	0	0
ENSOANG00000027573	0	0	0	0	0
ENSOANG00000016984	0	0	0	0	0
ENSOANG00000027637	0	0	0	0	0
ENSOANG00000016970	2928	7024	2786	3730	233
ENSOANG00000026740	0	0	0	0	3
ENSOANG00000022834	0	0	0	0	0
ENSOANG00000017033	35714	52564	478	229	96
ENSOANG00000026779	3	12	11	52	0
ENSOANG00000027778	0	0	0	0	0
ENSOANG00000027761	0	0	0	0	0
ENSOANG00000027011	0	0	0	0	0
ENSOANG00000026978	0	0	0	0	0
ENSOANG00000027624	0	0	0	0	0
ENSOANG00000027716	0	0	0	0	0
ENSOANG00000026865	0	0	0	0	0
ENSOANG00000016343	7	56	21	67	8
ENSOANG00000016107	0	0	0	0	0
ENSOANG00000016727	0	0	0	0	0
ENSOANG00000016542	0	7	3	3	1
ENSOANG00000028054	0	0	0	0	0
ENSOANG00000026899	0	0	0	0	0
ENSOANG00000025803	0	0	4	4	16
ENSOANG00000024451	0	6	0	0	369
ENSOANG00000016604	13	270	38	30	1
ENSOANG00000025235	0	0	0	0	0
ENSOANG00000017026	0	2	0	2	0
ENSOANG00000016892	0	0	0	0	0
ENSOANG00000016424	25694	54	15	9	0
ENSOANG00000025837	339	681	0	0	0
ENSOANG00000016688	0	0	0	0	0
ENSOANG00000026374	0	0	0	0	0
ENSOANG00000016653	54865	11645	58	6515	107
ENSOANG00000027207	0	0	0	0	0
ENSOANG00000028076	0	0	0	0	0
ENSOANG00000027481	0	0	0	0	0
ENSOANG00000023366	0	0	0	0	0
ENSOANG00000016816	1	5	0	1	0
ENSOANG00000025210	1	6	17	1	33
ENSOANG00000027407	12	24	76	29	16
ENSOANG00000027082	0	0	0	0	0
ENSOANG00000016877	1423	3488	333	4000	230
ENSOANG00000026980	0	0	0	0	0
ENSOANG00000016183	118603	345780	26280	40069	1238
ENSOANG00000016120	115	390	143	1008	18
ENSOANG00000027212	0	0	0	0	0
ENSOANG00000017059	1139	1952	232	151	32
ENSOANG00000026992	0	0	0	0	0
ENSOANG00000016132	170	288	547	92	9
ENSOANG00000026480	283	20	16	7	2
ENSOANG00000017021	11762	6831	69	59	3
ENSOANG00000026122	1	1	0	0	21
ENSOANG00000024621	0	0	0	1	0
ENSOANG00000016837	0	0	0	0	0
ENSOANG00000027584	0	0	0	0	0
ENSOANG00000016985	151847	158428	50640	88351	10896
ENSOANG00000016671	0	2	0	1	0
ENSOANG00000026652	1	3	0	1	1
ENSOANG00000024999	5	30	2	0	19744
ENSOANG00000017013	2238	12940	3356	10320	914
ENSOANG00000027744	0	0	0	0	0
ENSOANG00000027785	0	0	0	0	0
ENSOANG00000027755	0	0	0	0	0
ENSOANG00000027206	0	0	0	0	0
ENSOANG00000026062	0	0	0	0	0
ENSOANG00000016834	80	21	2	12	1
ENSOANG00000025170	3	0	0	0	17
ENSOANG00000017042	805	21020	1161	441	72
ENSOANG00000016992	14186	6747	5887	13766	776
ENSOANG00000016133	226	850	389	899	18
ENSOANG00000017079	8366	10328	181	99291	389
ENSOANG00000027435	0	0	0	0	0
ENSOANG00000027724	0	0	0	0	0
ENSOANG00000027455	0	0	0	0	0
ENSOANG00000016236	0	0	0	0	0
ENSOANG00000027997	0	0	0	0	0
ENSOANG00000024827	5	20	6	5	2
ENSOANG00000016310	0	0	0	0	0
ENSOANG00000027630	0	0	0	0	0
ENSOANG00000025117	3	0	1	0	1611
ENSOANG00000027040	0	0	0	0	0
ENSOANG00000026302	370	320	97	423	1
ENSOANG00000028218	0	0	0	0	0
ENSOANG00000017072	4614	12857	339	6702	80
ENSOANG00000025355	0	0	0	0	0
ENSOANG00000024527	0	0	0	0	0
ENSOANG00000026164	61	1	7	5	0
ENSOANG00000026979	2	3	8	5	12
ENSOANG00000017056	10140	10290	0	0	10
ENSOANG00000027397	0	0	0	0	0
ENSOANG00000027922	0	0	0	0	0
ENSOANG00000028056	0	0	0	0	0
ENSOANG00000016520	4	1	4	7	2
ENSOANG00000016453	141	364	170	194	4
ENSOANG00000016775	57	94	8	0	0
ENSOANG00000027352	0	0	0	0	0
ENSOANG00000026881	0	0	0	0	0
ENSOANG00000027325	0	0	0	0	0
ENSOANG00000022853	27	34	34	35	15
ENSOANG00000027978	322	468	1007	470	398
ENSOANG00000025964	2	8	0	1	974
ENSOANG00000016647	514	626	12	63	22
ENSOANG00000016983	3272	1453	636	2299	52
ENSOANG00000027967	0	0	0	0	0
ENSOANG00000026957	11	18	36	17	94
ENSOANG00000027186	0	0	0	0	0
ENSOANG00000016214	156	168	17	810	6
ENSOANG00000026864	0	0	0	0	0
ENSOANG00000016812	0	0	0	0	0
ENSOANG00000016954	0	1	7	2	1
ENSOANG00000026931	0	0	0	0	0
ENSOANG00000027652	0	0	2	1	0
ENSOANG00000025782	0	0	0	0	0
ENSOANG00000024915	0	0	0	0	10
ENSOANG00000016962	0	0	3	0	0
ENSOANG00000016677	1	1	3	1	0
ENSOANG00000023279	0	0	0	0	0
ENSOANG00000026680	0	0	0	0	0
ENSOANG00000022799	2	3	6	6	110
ENSOANG00000028189	0	0	0	0	0
ENSOANG00000016081	2496	4231	1672	2308	46
ENSOANG00000016989	8537	12474	5213	7850	349
ENSOANG00000027192	1	1	2	1	0
ENSOANG00000017037	0	0	0	0	0
ENSOANG00000025575	6	5	0	0	0
ENSOANG00000027856	0	0	0	0	0
ENSOANG00000016590	7027	19986	36216	40004	118
ENSOANG00000026472	2	7	0	3	1051
ENSOANG00000024689	5	4	0	1	0
ENSOANG00000027694	0	0	0	0	0
ENSOANG00000027402	0	0	0	0	0
ENSOANG00000027467	0	0	0	0	0
ENSOANG00000024625	175	1123	74	339	10
ENSOANG00000028084	0	0	0	0	0
ENSOANG00000027225	0	0	0	0	0
ENSOANG00000027665	0	0	2	0	0
ENSOANG00000025958	159	103	16	209	54
ENSOANG00000025556	3	4	9	36	0
ENSOANG00000027334	0	0	0	0	0
ENSOANG00000027440	0	0	0	0	0
ENSOANG00000025684	74	101	242	316	95
ENSOANG00000017004	0	0	0	0	0
ENSOANG00000027177	0	0	0	0	0
ENSOANG00000028143	0	0	0	0	0
ENSOANG00000023949	2	0	3	0	2
ENSOANG00000026701	14	36	112	39	190
ENSOANG00000016401	106370	536613	33578	91573	4530
ENSOANG00000016306	4441	3226	1333	3908	148
ENSOANG00000027568	0	0	0	0	0
ENSOANG00000016738	0	0	0	0	0
ENSOANG00000027029	4	1	3	9	1
ENSOANG00000027122	0	0	0	0	0
ENSOANG00000022839	0	0	0	1	0
ENSOANG00000016138	0	0	0	0	0
ENSOANG00000024798	1	3	0	2	0
ENSOANG00000027283	0	0	0	0	0
ENSOANG00000017028	2	11	12	8	7
ENSOANG00000016235	0	0	0	0	0
ENSOANG00000026141	0	0	0	0	0
ENSOANG00000026392	3	18	3	4	0
ENSOANG00000027185	0	0	0	0	0
ENSOANG00000026700	1	0	0	2	139
ENSOANG00000024752	2	1	0	1	38
ENSOANG00000016606	1	4	6	4	4
ENSOANG00000016153	56	80	12	42	12
ENSOANG00000027405	0	0	0	0	0
ENSOANG00000026190	36	47	150	188	24
ENSOANG00000027640	0	0	0	0	0
ENSOANG00000016285	1214	1003	373	1742	41
ENSOANG00000026576	0	0	0	0	6
ENSOANG00000027884	0	0	0	0	0
ENSOANG00000026383	2	1	0	0	29
ENSOANG00000026808	0	0	0	0	2
ENSOANG00000017055	6582	12836	1	1	1
ENSOANG00000016900	553	271	234	227	2
ENSOANG00000016454	54	153	3	22	0
ENSOANG00000025711	0	0	1	0	16
ENSOANG00000027796	0	0	0	0	2
ENSOANG00000027572	0	0	6	0	1
ENSOANG00000024193	0	0	0	0	0
ENSOANG00000017044	0	0	0	0	0
ENSOANG00000027939	0	0	0	0	0
ENSOANG00000016820	2	5	32	4	3
ENSOANG00000026892	0	0	0	0	0
ENSOANG00000027722	0	0	0	0	0
ENSOANG00000028005	0	0	0	0	0
ENSOANG00000026025	3	13	4	0	16055
ENSOANG00000028207	0	0	0	0	0
ENSOANG00000024673	1	3	0	1	1030
ENSOANG00000016565	0	0	0	0	0
ENSOANG00000016994	0	0	0	0	0
ENSOANG00000026095	0	1	37	7	12
ENSOANG00000025871	0	0	0	0	0
ENSOANG00000027240	0	0	0	0	0
ENSOANG00000017041	1	3	0	0	0
ENSOANG00000017038	2	8	9	11021	3
ENSOANG00000026947	0	0	0	0	0
ENSOANG00000016474	2864	525	4	8	193
ENSOANG00000026503	3457	2130	5075	4823	90
ENSOANG00000027672	0	0	0	0	0
ENSOANG00000022825	0	0	0	0	0
ENSOANG00000022783	0	0	0	0	0
ENSOANG00000028047	0	0	0	0	0
ENSOANG00000027664	0	0	0	0	0
ENSOANG00000027284	0	0	0	0	0
ENSOANG00000025647	8	42	1	16	0
ENSOANG00000027264	0	0	0	0	0
ENSOANG00000016981	31	1716	0	3	0
ENSOANG00000027877	0	0	0	0	0
ENSOANG00000027076	0	0	0	0	0
ENSOANG00000027357	0	0	0	0	0
ENSOANG00000027867	0	0	0	0	0
ENSOANG00000017077	5764	6932	2762	1707	178
ENSOANG00000022810	3	1	0	0	0
ENSOANG00000027003	0	0	0	0	0
ENSOANG00000016348	113	88	66	0	2
ENSOANG00000027995	0	0	0	0	0
ENSOANG00000026443	37	75	2	0	30342
ENSOANG00000027111	0	0	0	0	0
ENSOANG00000016421	175	150	48	481	3
ENSOANG00000017071	182	101	721	274	79
ENSOANG00000016432	2	5	7	20664	0
ENSOANG00000016530	21	38	16	13	3
ENSOANG00000016556	263	5073	0	47	0
ENSOANG00000017003	50152	29605	3	46	64
ENSOANG00000027699	0	0	0	0	0
ENSOANG00000025651	1	6	0	2	476
ENSOANG00000016463	0	0	0	0	0
ENSOANG00000027118	0	0	0	0	0
ENSOANG00000016261	167	220	49	94	1
ENSOANG00000027620	0	0	0	0	0
ENSOANG00000024557	0	0	2	6	0
ENSOANG00000022838	14	10	9	34	5
ENSOANG00000017032	65	220	338	234	3211
ENSOANG00000016365	1	6	36	2	3
ENSOANG00000027359	0	0	0	0	0
ENSOANG00000027788	0	0	1	0	0
ENSOANG00000027293	0	0	0	0	0
ENSOANG00000026981	0	0	0	0	0
ENSOANG00000024120	0	0	0	0	0
ENSOANG00000022851	0	0	0	0	0
ENSOANG00000016522	15	15	3	13	0
ENSOANG00000026460	76	86	0	393	0
ENSOANG00000016130	2	2	0	0	0
ENSOANG00000026759	3	74	0	10	2024
ENSOANG00000025736	125	60	40	412	5
ENSOANG00000016286	3	22	2	6	0
ENSOANG00000023598	0	0	1	0	0
ENSOANG00000027915	0	0	0	0	0
ENSOANG00000027839	0	0	0	0	0
ENSOANG00000016406	1559	4893	1	105	100
ENSOANG00000023249	258	170	21	63	30
ENSOANG00000028068	0	0	0	0	0
ENSOANG00000027161	0	0	0	0	0
ENSOANG00000027503	0	0	0	0	0
ENSOANG00000027400	0	0	0	0	0
ENSOANG00000025888	0	0	0	0	0
ENSOANG00000016934	227	572	3	50	41
ENSOANG00000022830	532	559	0	1	0
ENSOANG00000016681	5	5	4	3	0
ENSOANG00000027065	0	0	0	0	0
ENSOANG00000025622	3	3	3	1	1
ENSOANG00000024572	38	130	43	17	0
ENSOANG00000017074	6403	145471	222	65861	246
ENSOANG00000027893	0	0	0	0	0
ENSOANG00000027154	1	0	0	1	0
ENSOANG00000022849	0	0	0	0	0
ENSOANG00000017030	0	0	0	1	0
ENSOANG00000027091	0	0	0	0	0
ENSOANG00000027078	0	0	0	0	0
ENSOANG00000016319	111678	307380	89853	783035	28831
ENSOANG00000027180	0	0	0	0	0
ENSOANG00000027792	0	0	0	0	0
ENSOANG00000028015	0	0	0	0	0
ENSOANG00000026835	0	0	0	0	0
ENSOANG00000027786	0	0	0	1	0
ENSOANG00000016675	0	1	2	0	0
ENSOANG00000025912	6	4	0	3	0
ENSOANG00000016345	150	74	67	89	1
ENSOANG00000025435	2	3	0	0	2303
ENSOANG00000027544	0	0	0	0	0
ENSOANG00000016689	162653	459723	201543	623111	12970
ENSOANG00000016819	1402	3136	907	1339	7
ENSOANG00000016490	0	0	0	0	0
ENSOANG00000026197	0	0	0	0	1
ENSOANG00000025511	3	3	0	0	568
ENSOANG00000016929	223	461	237	1264	207
ENSOANG00000025232	0	0	0	0	0
ENSOANG00000016667	1	2	18	6	0
ENSOANG00000027511	0	0	0	0	0
ENSOANG00000027955	0	0	0	0	0
ENSOANG00000026820	0	0	0	0	0
ENSOANG00000016142	285	488	41	2395	4
ENSOANG00000024467	72	29	2	0	2
ENSOANG00000016208	16	26	7	426	39
ENSOANG00000017062	79556	500559	37021	460551	2309
ENSOANG00000026695	24	108	0	36	0
ENSOANG00000027702	0	0	0	0	0
ENSOANG00000016884	1425	2151	1930	2301	77
ENSOANG00000017006	17	22	17	9189	4
ENSOANG00000028122	1	8	0	3	0
ENSOANG00000026829	0	0	0	0	0
ENSOANG00000016177	118	32	64	87	1
ENSOANG00000026126	1	6	0	0	1255
ENSOANG00000017009	1154	1156	6318	6550	118
ENSOANG00000025045	2	1	0	0	412
ENSOANG00000027019	0	0	0	0	0
ENSOANG00000016567	79	3982	1	22	0
ENSOANG00000022809	1	1	8	1	6
ENSOANG00000028159	0	0	0	0	0
ENSOANG00000016660	380	436	95	494	11
ENSOANG00000023319	0	1	2	0	5
ENSOANG00000027600	0	0	0	0	0
ENSOANG00000027368	0	0	0	0	0
ENSOANG00000022821	457	2084	400	1507	99
ENSOANG00000016529	3	1	8	1	1
ENSOANG00000017023	27	45	49	117	10
ENSOANG00000027295	0	0	0	0	0
ENSOANG00000016898	0	0	0	0	0
ENSOANG00000025150	0	0	0	1	0
ENSOANG00000026048	31	61	2	32	1
ENSOANG00000023838	0	0	0	0	0
ENSOANG00000027066	0	0	0	0	0
ENSOANG00000025934	17	44	0	1	0
ENSOANG00000022864	1	0	0	1	0
ENSOANG00000022806	0	1	2	0	0
ENSOANG00000016659	0	0	0	0	0
ENSOANG00000027303	0	0	0	0	0
ENSOANG00000027977	0	0	0	0	0
ENSOANG00000024644	0	0	0	0	0
ENSOANG00000016447	77576	7558	4580	3940	614
ENSOANG00000017001	64724	38743	21719	13033	1010
ENSOANG00000016297	0	0	0	0	0
ENSOANG00000025483	25	63	36	14	1
ENSOANG00000025913	4	8	0	0	0
ENSOANG00000017029	42	199	9	118	6
ENSOANG00000024583	1	0	1	0	1
ENSOANG00000026179	1	0	1	15	1
ENSOANG00000016996	1	0	1	0	0
ENSOANG00000017016	0	0	0	0	0
ENSOANG00000024555	2	1	0	0	0
ENSOANG00000027750	0	0	0	0	0
ENSOANG00000024174	0	1	0	0	0
ENSOANG00000025285	24	20	10	120	4
ENSOANG00000022787	0	1	1	0	0
ENSOANG00000025929	1772	6103	10	124	3
ENSOANG00000027090	0	0	0	0	0
ENSOANG00000016593	1	2	4	5	1
ENSOANG00000017017	4	0	11	0	0
ENSOANG00000017039	14	40	0	4	0
ENSOANG00000017078	28895	35079	5057	9149	993
ENSOANG00000017046	78	206	790059	594	7
ENSOANG00000017012	0	0	0	0	0
ENSOANG00000016795	112	166	22	108	12
ENSOANG00000027580	0	0	0	0	0
ENSOANG00000016847	29	172	88	551	13
ENSOANG00000027697	0	0	0	0	0
ENSOANG00000016233	0	0	0	0	0
ENSOANG00000016502	339	1341	14	111	3
ENSOANG00000027191	0	0	0	0	0
ENSOANG00000027527	0	0	0	0	0
ENSOANG00000026876	0	0	0	0	0
ENSOANG00000017075	293	1098	701	1480	160
ENSOANG00000016979	2615	3630	3994	1935	315
ENSOANG00000028187	0	0	0	0	0
ENSOANG00000022846	0	0	0	0	0
ENSOANG00000016084	39184	147265	69883	74643	2587
ENSOANG00000016988	376	199	1523	163	30
ENSOANG00000016155	230	206	35	309	63
ENSOANG00000027575	0	0	0	0	0
ENSOANG00000016141	211	227	53	152	4
ENSOANG00000027512	0	0	0	0	0
ENSOANG00000027655	0	0	0	0	0
ENSOANG00000027274	0	0	0	0	0
ENSOANG00000027426	0	0	0	0	0
ENSOANG00000016279	107	5784	370	22	10
ENSOANG00000024929	0	2	0	0	135
ENSOANG00000016202	69188	490316	27329	1208516	5312
ENSOANG00000027890	0	0	0	0	0
ENSOANG00000026352	82	36	1	3	3
ENSOANG00000027954	0	0	0	0	0
ENSOANG00000022779	0	1	0	2	0
ENSOANG00000017043	1077	1282	458	1624	81
ENSOANG00000022823	2	0	0	1	0
ENSOANG00000022842	0	0	0	0	2
ENSOANG00000016507	10326	19562	5819	11093	636
ENSOANG00000026773	4	220	1	15	2929
ENSOANG00000016699	13	16	0	12	0
ENSOANG00000017069	0	0	0	0	0
ENSOANG00000026536	137	95	25	133	10
ENSOANG00000024597	3	27	2	6	2
ENSOANG00000027245	0	0	0	0	0
ENSOANG00000016313	773	795	167	201	25
ENSOANG00000027216	0	0	0	0	0
ENSOANG00000027756	0	0	0	0	0
ENSOANG00000027662	0	0	0	0	0
ENSOANG00000027444	0	0	0	0	0
ENSOANG00000016605	2166	2782	434	496	35
ENSOANG00000026675	1	1	0	0	8
ENSOANG00000016326	0	0	0	0	0
ENSOANG00000016809	805	4153	43	819	5
ENSOANG00000027674	0	0	0	0	0
ENSOANG00000026526	0	9	0	0	0
ENSOANG00000016301	1584	1824	5897	12248	1180
ENSOANG00000017066	47211	67763	416220	313912	823
ENSOANG00000027010	0	0	0	0	0
ENSOANG00000027017	0	0	0	0	0
ENSOANG00000024908	15	56	14	12	41
ENSOANG00000025333	0	0	0	0	0
ENSOANG00000027837	0	0	0	0	0
ENSOANG00000027993	0	0	0	0	0
ENSOANG00000027841	0	0	0	0	0
ENSOANG00000017011	42	74	68	154	23
ENSOANG00000016304	9	10	27	16	5
ENSOANG00000026063	2	3	0	2	64
ENSOANG00000017005	129	188	356	80	23
ENSOANG00000016652	0	0	0	0	0
ENSOANG00000017048	2793	6868	2479	3358	419
ENSOANG00000025055	0	12	0	0	247
ENSOANG00000028227	0	0	0	0	0
ENSOANG00000026827	0	0	0	0	0
ENSOANG00000022832	0	0	1	0	0
ENSOANG00000027221	0	0	0	0	0
ENSOANG00000016249	0	0	0	0	0
ENSOANG00000017067	0	0	0	0	0
ENSOANG00000026671	1	0	0	0	26
ENSOANG00000027175	0	0	0	0	0
ENSOANG00000027941	0	0	0	0	0
ENSOANG00000026399	0	1	0	0	1
ENSOANG00000025328	8	5	18	4	14
ENSOANG00000017025	6167	45354	6137	4436	73
ENSOANG00000026349	5	6	0	4	0
ENSOANG00000028057	0	0	0	0	0
ENSOANG00000025311	4	33	9	16	0
ENSOANG00000025372	14	18	0	3	1
ENSOANG00000016339	441	282	1	5	15
ENSOANG00000016510	7190	35061	3537	479073	918
ENSOANG00000027565	0	0	0	0	0
ENSOANG00000016991	0	0	28	0	1
ENSOANG00000016594	32495	33345	8689	25585	384
ENSOANG00000027542	0	0	0	0	0
ENSOANG00000026910	0	0	0	0	0
ENSOANG00000024565	7	18	2	6	0
ENSOANG00000028217	0	0	0	0	0
ENSOANG00000023397	1	3	10	14	11
ENSOANG00000028050	0	0	0	0	0
ENSOANG00000017002	0	0	0	0	0
ENSOANG00000025342	1	2	0	0	207
ENSOANG00000017073	1	12	0	2	0
ENSOANG00000027115	0	0	0	0	0
ENSOANG00000017020	0	0	0	1	0
ENSOANG00000016715	23	23	15	26	1
ENSOANG00000016997	0	0	0	0	0
ENSOANG00000027770	0	0	0	0	0
ENSOANG00000016831	2396	3950	409	1316	181
ENSOANG00000016410	0	0	0	0	0
ENSOANG00000028003	4	4	3	1	4
ENSOANG00000025607	0	0	0	0	0
ENSOANG00000026376	17	16	2	0	13632
ENSOANG00000024684	10	78	22	8	10
ENSOANG00000027509	0	0	0	0	0
ENSOANG00000025089	1	8	0	0	58
ENSOANG00000016580	1	0	2	1	0
ENSOANG00000024326	0	0	3	1	0
ENSOANG00000025252	32	80	2	20	6
ENSOANG00000016535	18778	138837	176	142	51
ENSOANG00000017076	5	25	2	0	5
ENSOANG00000027602	0	0	0	0	0
ENSOANG00000026894	0	0	0	0	0
ENSOANG00000022843	0	0	0	0	0
ENSOANG00000025830	575	443	39	44	3
ENSOANG00000017051	0	0	0	0	0
ENSOANG00000017060	254	1418	704	204	29
ENSOANG00000025984	0	0	0	0	0
ENSOANG00000027070	0	0	0	0	0
ENSOANG00000017080	0	0	1	1	0
ENSOANG00000027903	0	0	0	0	0
ENSOANG00000016728	0	0	0	0	0
ENSOANG00000027321	0	0	0	0	0
ENSOANG00000022786	0	1	0	0	0
ENSOANG00000027720	0	0	0	0	0
ENSOANG00000027479	0	0	0	0	0
ENSOANG00000017061	0	0	1	0	0
ENSOANG00000017010	11995	555	120	533	8
ENSOANG00000016987	2	2	0	0	0
ENSOANG00000026905	0	0	0	0	0
ENSOANG00000027533	0	0	0	0	0
ENSOANG00000026982	0	0	0	0	0
ENSOANG00000016703	7	29	4	14	6
ENSOANG00000016561	0	1	0	0	0
ENSOANG00000027420	0	0	0	0	0
ENSOANG00000025595	0	0	0	0	0
ENSOANG00000026332	3	9	1	0	4181
ENSOANG00000028113	0	0	0	0	0
ENSOANG00000022826	1	0	0	0	0
ENSOANG00000024828	1320	5153	2373	29277	148
ENSOANG00000028162	0	0	0	0	0
ENSOANG00000016082	0	0	1	0	1
ENSOANG00000028195	0	0	0	0	0
ENSOANG00000017007	892	115	3	10	3
ENSOANG00000017047	0	0	0	0	0
ENSOANG00000016676	41184	31667	6393	7693	837
ENSOANG00000026019	86	39	0	2	0
ENSOANG00000016838	0	0	0	0	0
ENSOANG00000017024	626	3236	1400	5673	302
ENSOANG00000016589	31	183	29	74	0
ENSOANG00000025947	1	8	0	0	2132
ENSOANG00000023090	0	0	0	0	0
ENSOANG00000027787	0	0	0	0	0
ENSOANG00000024934	0	2	0	0	0
ENSOANG00000016581	3132	1579	1472	1329	18
ENSOANG00000027375	0	0	0	0	0
ENSOANG00000027982	159	44	4780	4041	31
ENSOANG00000025688	0	0	0	0	0
ENSOANG00000027670	0	0	0	0	0
ENSOANG00000024896	4	90	0	3	929
ENSOANG00000028082	0	0	0	0	0
ENSOANG00000016977	191676	381346	267738	258636	50276
ENSOANG00000027037	0	0	0	0	0
ENSOANG00000026560	1	0	0	0	387
ENSOANG00000027468	0	0	0	0	0
ENSOANG00000028216	0	0	0	0	0
ENSOANG00000022819	4	26	48	30	39
ENSOANG00000027263	0	0	0	0	0
ENSOANG00000016777	13650	54881	71039	63409	4710
ENSOANG00000027126	0	0	0	0	0
ENSOANG00000027260	0	0	0	0	0
ENSOANG00000017018	24073	5435	240	239	2024
ENSOANG00000016702	151	811	16	752	3
ENSOANG00000027193	0	0	0	0	0
ENSOANG00000026534	0	0	0	0	0
ENSOANG00000017008	0	0	0	0	0
ENSOANG00000027881	0	0	0	0	0
ENSOANG00000027322	0	0	0	0	0
ENSOANG00000027721	0	0	0	0	0
ENSOANG00000016714	0	5	32	0	8
ENSOANG00000025172	97	31	271	72	0
ENSOANG00000022795	0	0	0	0	0
ENSOANG00000025073	2	4	0	1	119
ENSOANG00000017045	12887	2357	880	1455	112
ENSOANG00000027006	0	0	0	0	0
ENSOANG00000017040	0	0	0	0	0
ENSOANG00000017036	0	1	186	0	0
ENSOANG00000026555	83	50	4	7	0
ENSOANG00000028010	0	0	0	0	0
ENSOANG00000027811	0	0	0	0	0
ENSOANG00000027729	0	0	0	0	0
ENSOANG00000016361	17	31	60	30	238
ENSOANG00000027979	0	0	0	0	0
ENSOANG00000027676	0	0	0	0	0
ENSOANG00000027030	0	0	0	0	0
ENSOANG00000023272	0	0	0	0	0
ENSOANG00000027087	0	0	0	0	0
ENSOANG00000027462	0	0	0	0	0
ENSOANG00000016336	0	0	0	0	0
ENSOANG00000027782	0	1	2	1	0
ENSOANG00000025208	0	2	0	0	61
ENSOANG00000024994	0	1	2	1	1
ENSOANG00000022798	0	1	1	0	1
ENSOANG00000025789	0	0	0	0	14
ENSOANG00000024204	0	2	14	0	1
ENSOANG00000027988	0	0	0	0	0
ENSOANG00000024553	0	0	0	0	6
ENSOANG00000022797	0	1	0	0	0
ENSOANG00000026785	0	1	0	0	68
ENSOANG00000024567	0	11	1	1	306
ENSOANG00000025193	0	1	3	25	0
ENSOANG00000027341	0	1	1	3	0
ENSOANG00000026061	0	1	0	1	70
ENSOANG00000026308	0	0	0	0	0
ENSOANG00000026220	0	6	0	0	113
ENSOANG00000022852	0	0	0	0	0
ENSOANG00000025563	0	2	0	0	63
ENSOANG00000017050	0	0	1	0	0
ENSOANG00000026246	0	3	0	0	0
ENSOANG00000025377	0	5	0	1	93
ENSOANG00000027829	0	0	1	2	0
ENSOANG00000026360	0	0	0	0	0
ENSOANG00000024658	0	0	0	0	0
ENSOANG00000026271	0	1	0	0	193
ENSOANG00000023759	0	0	0	0	0
ENSOANG00000023301	0	0	0	0	0
ENSOANG00000024659	0	1	0	0	22
ENSOANG00000022829	0	1	0	3	0
ENSOANG00000026174	0	1	4	13	1
ENSOANG00000022789	0	0	0	0	0
ENSOANG00000025024	0	5	4	9	1
ENSOANG00000023218	0	0	0	0	0
ENSOANG00000017057	0	4	0	0	0
ENSOANG00000026767	0	0	0	0	0
ENSOANG00000025636	0	2	0	0	22
ENSOANG00000026518	0	1	0	0	84
ENSOANG00000024535	0	14	1	11	1
ENSOANG00000024687	0	1	0	0	9
ENSOANG00000016455	0	0	0	0	0
ENSOANG00000026140	0	0	0	0	0
ENSOANG00000025748	0	1	0	0	56
ENSOANG00000027304	0	4	1	0	0
ENSOANG00000022781	0	0	0	0	0
ENSOANG00000026777	0	1	0	0	0
ENSOANG00000024494	0	14	0	1	159
ENSOANG00000026274	0	0	0	1	0
ENSOANG00000016278	0	1	0	0	0
ENSOANG00000025510	0	5	0	0	59
ENSOANG00000022813	0	0	0	0	0
ENSOANG00000022837	0	4	4	8	1
ENSOANG00000025703	0	0	0	0	0
ENSOANG00000026917	0	1	3	10	3
ENSOANG00000022831	0	5	1	1	1
ENSOANG00000016961	0	0	0	0	0
ENSOANG00000026010	0	0	0	0	9
ENSOANG00000024829	0	2	0	12	2
ENSOANG00000025467	0	26	0	5	1084
ENSOANG00000025772	0	0	0	0	0
ENSOANG00000026167	0	0	0	0	0
ENSOANG00000027463	0	1	0	1	1
ENSOANG00000025886	0	1	0	0	7
ENSOANG00000025935	0	1	0	0	152
ENSOANG00000024756	0	0	1	0	6
ENSOANG00000026647	0	1	0	0	41
ENSOANG00000024943	0	2	0	1	50
ENSOANG00000022848	0	0	0	0	1
ENSOANG00000016788	0	0	0	0	0
ENSOANG00000022854	0	0	0	1	2
ENSOANG00000025451	0	0	0	0	0
ENSOANG00000025417	0	11	1	4	164
ENSOANG00000023714	0	0	2	0	0
ENSOANG00000025476	0	0	0	0	0
ENSOANG00000022802	0	0	0	0	0
ENSOANG00000017049	0	0	1	0	0
ENSOANG00000024592	0	0	1	0	0
ENSOANG00000017063	0	0	15	9849	8
ENSOANG00000022792	0	0	0	0	2
ENSOANG00000022845	0	0	1	0	0
ENSOANG00000016562	0	0	3	0	0
ENSOANG00000024806	0	0	0	0	0
ENSOANG00000025470	0	0	1	0	89
ENSOANG00000023742	0	0	0	0	0
ENSOANG00000024882	0	0	0	0	0
ENSOANG00000026889	0	0	1	0	0
ENSOANG00000026649	0	0	1	0	57
ENSOANG00000017053	0	0	3	2	1
ENSOANG00000025373	0	0	0	0	0
ENSOANG00000026549	0	0	0	0	0
ENSOANG00000022828	0	0	1	0	0
ENSOANG00000024697	0	0	2	8	0
ENSOANG00000025229	0	0	1	0	0
ENSOANG00000025654	0	0	1	2	0
ENSOANG00000027554	0	0	0	2	0
ENSOANG00000016375	0	0	0	35	0
ENSOANG00000027532	0	0	0	1	0
ENSOANG00000024780	0	0	0	0	0
ENSOANG00000025173	0	0	0	0	0
ENSOANG00000025660	0	0	0	1	0
ENSOANG00000023866	0	0	0	1	1
ENSOANG00000026535	0	0	0	63	0
ENSOANG00000024627	0	0	0	0	11
ENSOANG00000025967	0	0	0	0	2
ENSOANG00000026491	0	0	0	0	0
ENSOANG00000025292	0	0	0	0	2
ENSOANG00000025318	0	0	0	0	17
ENSOANG00000025069	0	0	0	0	0
ENSOANG00000025891	0	0	0	0	0
ENSOANG00000025183	0	0	0	0	4
ENSOANG00000024729	0	0	0	0	1
ENSOANG00000024724	0	0	0	0	0
ENSOANG00000026003	0	0	0	0	42
ENSOANG00000025038	0	0	0	0	0
ENSOANG00000024998	0	0	0	0	9
ENSOANG00000025859	0	0	0	0	0
ENSOANG00000025854	0	0	0	0	0
ENSOANG00000026068	0	0	0	0	0
ENSOANG00000026432	0	0	0	0	8
ENSOANG00000025214	0	0	0	0	8
ENSOANG00000025610	0	0	0	0	37
ENSOANG00000026636	0	0	0	0	46
ENSOANG00000026662	0	0	0	0	151
ENSOANG00000026539	0	0	0	0	98
ENSOANG00000026583	0	0	0	0	0
ENSOANG00000025568	0	0	0	0	40
ENSOANG00000025863	0	0	0	0	0
ENSOANG00000026519	0	0	0	0	0
ENSOANG00000025582	0	0	0	0	15
ENSOANG00000025433	0	0	0	0	0
ENSOANG00000026771	0	0	0	0	0
ENSOANG00000025508	0	0	0	0	4
ENSOANG00000026525	0	0	0	0	54
ENSOANG00000024957	0	0	0	0	31
ENSOANG00000026612	0	0	0	0	21
ENSOANG00000025114	0	0	0	0	89
ENSOANG00000025561	0	0	0	0	3
