Brain_Indiv1	Cerebellum_Indiv1	Heart_Indiv1	Kidney_Indiv1	Testis_Indiv1	Placenta_Indiv1	Placenta_Indiv2
ENSMUSG00000077893	0	0	0	0	0	0	0
ENSMUSG00000080400	0	0	0	0	0	0	2
ENSMUSG00000065495	561	5553	731	115	3	865	92
ENSMUSG00000070144	0	0	88	0	0	0	0
ENSMUSG00000089433	4	15	6	5	5	215	1979
ENSMUSG00000065586	6559	14	182	332	5	5518	3901
ENSMUSG00000065536	6341	362	1304	2432	230	10864	4536
ENSMUSG00000088886	0	0	0	0	0	0	0
ENSMUSG00000088117	0	0	1	0	0	0	3
ENSMUSG00000076458	32	9	0	0	0	0	0
ENSMUSG00000065488	1	2	3	9093	8	491	342
ENSMUSG00000089213	59	283	210	59	18	1769	9238
ENSMUSG00000077941	7	10	1	1	0	430	1788
ENSMUSG00000065617	912	2320	43	2	1	1374	923
ENSMUSG00000065535	201021	120752	4146690	789225	8505	134077	57312
ENSMUSG00000065491	4666	183	76	1	3	4	6
ENSMUSG00000076323	0	0	0	0	0	0	2
ENSMUSG00000088619	6	8	2	2	4	88	573
ENSMUSG00000076361	250143	5642	6304	19270	966	2297757	1297529
ENSMUSG00000089371	1	1	6	0	1	0	2
ENSMUSG00000089200	3	2	3	0	1	24	187
ENSMUSG00000065442	2023	100	2083	7122	1459	3329	4383
ENSMUSG00000080654	1	2	2	0	2	97	175
ENSMUSG00000088287	0	0	0	0	0	0	0
ENSMUSG00000070109	563	1065	419	774	86	1609	641
ENSMUSG00000065404	1	2	12	0	187	3	0
ENSMUSG00000070106	18	13	45	344	2	17	26
ENSMUSG00000076044	0	0	0	0	0	3	4
ENSMUSG00000089570	0	0	0	0	0	0	2
ENSMUSG00000070074	256	1513	103	154	11	3369	2604
ENSMUSG00000065478	3868	2071	148	17	23	47021	26145
ENSMUSG00000088805	0	0	0	0	0	0	1
ENSMUSG00000065460	0	0	28	0	1	0	0
ENSMUSG00000076252	3	0	2	0	0	78	21
ENSMUSG00000080401	0	0	0	0	0	0	0
ENSMUSG00000087788	0	1	0	0	0	0	1
ENSMUSG00000065600	25002	24981	1797	425	7	497	36
ENSMUSG00000065456	18	5	3	279	0	5	4
ENSMUSG00000088141	1	0	0	0	0	1	0
ENSMUSG00000076366	0	0	0	0	0	0	0
ENSMUSG00000076219	609	141	27	0	0	2817	626
ENSMUSG00000065575	75	5	1	9	1224	43	8
ENSMUSG00000080418	0	0	0	0	0	0	0
ENSMUSG00000076291	8	39	23	12	6	276	2305
ENSMUSG00000077104	0	0	0	0	0	0	0
ENSMUSG00000088508	0	0	0	0	0	0	0
ENSMUSG00000089022	0	0	0	0	0	0	4
ENSMUSG00000065574	5045	1563	2293	34031	2329	15922	3179
ENSMUSG00000065529	11999	1202	23461	28617	1315	1220084	368191
ENSMUSG00000080492	2	0	0	4	1	0	2
ENSMUSG00000087972	0	0	0	0	0	0	0
ENSMUSG00000089329	0	0	0	0	0	0	9
ENSMUSG00000076959	19	18	3	4	10	764	594
ENSMUSG00000089379	0	0	0	0	0	0	0
ENSMUSG00000088871	0	0	0	0	0	0	0
ENSMUSG00000088401	0	0	0	0	0	0	0
ENSMUSG00000065566	32422	4385	1228	69	24	37545	13930
ENSMUSG00000088919	0	2	1	0	0	31	157
ENSMUSG00000065585	1	0	0	0	0	7	1
ENSMUSG00000089324	2	12	1	1	0	1	3
ENSMUSG00000077086	13	10	4	3	8	522	431
ENSMUSG00000089159	3	6	1	0	1	38	58
ENSMUSG00000076379	2551	2	615	3838	26	112	77
ENSMUSG00000065489	32	42	22	575	19	276	151
ENSMUSG00000089600	0	0	0	0	0	0	0
ENSMUSG00000070110	63	76	83	3	2	3	6
ENSMUSG00000080491	0	0	0	0	0	0	0
ENSMUSG00000087977	0	0	0	0	0	0	0
ENSMUSG00000080618	0	0	0	0	0	0	0
ENSMUSG00000088235	0	0	0	0	0	0	0
ENSMUSG00000089126	0	0	0	0	1	2	4
ENSMUSG00000065417	4863	294	656	1410	716	5643	1592
ENSMUSG00000080688	0	0	0	0	0	0	0
ENSMUSG00000065542	51	13	218	509	7	762	526
ENSMUSG00000080380	0	0	0	0	0	0	0
ENSMUSG00000076313	22	3	2	0	0	1003	490
ENSMUSG00000089424	1	5	0	0	0	14	1
ENSMUSG00000077964	0	0	0	0	0	0	0
ENSMUSG00000089010	0	0	0	0	0	0	0
ENSMUSG00000065465	1964	25	113	1279	7	215	169
ENSMUSG00000076251	638	1400	83	442	34	1271	310
ENSMUSG00000080665	7	36	36	47	1	225	41
ENSMUSG00000088664	0	0	0	0	0	0	0
ENSMUSG00000088274	0	0	0	0	0	0	0
ENSMUSG00000065516	9	7	84	136	44	2447	569
ENSMUSG00000080372	0	0	0	0	0	0	0
ENSMUSG00000087824	0	0	0	0	0	12	63
ENSMUSG00000077876	0	0	0	0	0	0	0
ENSMUSG00000080522	0	0	0	0	0	0	0
ENSMUSG00000076442	8975	1006	154960	93328	1918	4657	8423
ENSMUSG00000065608	5820	7847	3205	4556	158	17	15
ENSMUSG00000065436	6004	9572	858	379	97	1813	749
ENSMUSG00000065492	334	318	11	31	1061	106	22
ENSMUSG00000080510	0	0	0	0	0	0	0
ENSMUSG00000076123	287	844	57	83	4	46	32
ENSMUSG00000076272	1591	1322	37	0	0	11147	4334
ENSMUSG00000080580	0	0	0	0	0	0	0
ENSMUSG00000087934	0	0	0	0	0	0	0
ENSMUSG00000076360	0	0	0	0	28	0	5
ENSMUSG00000065618	50113	50250	5372	8628	1921	16728	4896
ENSMUSG00000065565	4397	1509	643	522	29	641	529
ENSMUSG00000076288	266	9	10	2	6	1301	388
ENSMUSG00000065397	104	34	821	388	4	296	1107
ENSMUSG00000076160	0	0	0	0	0	0	0
ENSMUSG00000065487	75	14	39	74	0	39	23
ENSMUSG00000080347	1	0	0	0	0	0	0
ENSMUSG00000077054	0	0	0	0	0	0	0
ENSMUSG00000065587	175823	9254	5216	11299	821538	3790	678
ENSMUSG00000077837	0	0	0	0	0	0	0
ENSMUSG00000076948	82	3	14	6	58	5406	3297
ENSMUSG00000080481	0	1	0	0	0	0	0
ENSMUSG00000077113	0	0	0	0	0	68	123
ENSMUSG00000077971	2	0	0	0	0	0	0
ENSMUSG00000080655	0	0	0	0	0	0	0
ENSMUSG00000080439	0	0	0	0	0	0	0
ENSMUSG00000088561	0	0	0	0	0	0	0
ENSMUSG00000089557	0	0	0	0	0	0	0
ENSMUSG00000080653	5	0	0	0	0	75	85
ENSMUSG00000065548	13505	311	4946	5560	69	2598	426
ENSMUSG00000065581	1	0	4	24	0	1006	27
ENSMUSG00000065596	3373	337	126	315	43841	284	34
ENSMUSG00000089249	0	0	0	0	0	0	1
ENSMUSG00000087993	4	37	2	1	0	2	3
ENSMUSG00000080564	0	0	0	0	0	0	0
ENSMUSG00000089020	0	0	0	0	0	0	2
ENSMUSG00000076140	466	10	1009	2280	123	27264	15174
ENSMUSG00000080557	0	0	0	0	0	0	0
ENSMUSG00000065403	109	15	68	209	141	706	866
ENSMUSG00000089042	0	0	0	0	0	0	0
ENSMUSG00000088639	5	9	2	5	2	14	8
ENSMUSG00000089592	0	0	0	0	8	1	2
ENSMUSG00000088466	0	0	0	0	0	0	0
ENSMUSG00000065420	2982	18	1636	5878	272	24346	17778
ENSMUSG00000065462	24124	179	1209	35142	124	2263	368
ENSMUSG00000070075	557	450	377	1	0	132	1
ENSMUSG00000087803	0	1	0	0	0	1	1
ENSMUSG00000077898	0	0	0	1	0	3	0
ENSMUSG00000089140	29	37	27	13	4	0	0
ENSMUSG00000089238	0	1	0	2	0	13	37
ENSMUSG00000078014	0	0	0	0	0	0	0
ENSMUSG00000065426	14089	16442	757	68	45	5037	3645
ENSMUSG00000080603	0	0	0	0	0	0	0
ENSMUSG00000088248	55	19	1	1	8	10	7
ENSMUSG00000065455	147577	2504	90013	599855	10846	196690	193274
ENSMUSG00000080679	0	0	0	0	0	0	0
ENSMUSG00000077136	0	0	0	0	0	0	0
ENSMUSG00000065530	34348	13889	23324	23740	997	779	209
ENSMUSG00000078031	151	376	13	20	103	529	490
ENSMUSG00000088507	0	0	0	0	0	0	0
ENSMUSG00000087725	0	0	0	0	0	1	1
ENSMUSG00000077966	0	0	0	0	0	0	0
ENSMUSG00000076988	0	0	0	0	0	0	0
ENSMUSG00000065396	164655	707495	93966	140857	3837	46267	16827
ENSMUSG00000076354	0	0	0	0	0	0	0
ENSMUSG00000088206	0	0	0	0	0	0	0
ENSMUSG00000065433	20332	6585	687	14	2	1066	1276
ENSMUSG00000080354	0	0	0	0	0	0	0
ENSMUSG00000078055	0	0	0	0	0	0	0
ENSMUSG00000076005	8	2	33	1	271	1	1
ENSMUSG00000077021	168	298	35	33	165	19425	8376
ENSMUSG00000080682	0	0	0	0	0	0	0
ENSMUSG00000080561	0	1	0	1	0	0	0
ENSMUSG00000076041	66	25	17	1428	2	6	5
ENSMUSG00000065528	2258	14151	1248	1504	138	8387	5648
ENSMUSG00000076014	0	0	0	0	0	0	0
ENSMUSG00000089478	0	2	0	0	0	2	2
ENSMUSG00000065513	13	0	1	9	0	29	17
ENSMUSG00000065537	48504	26096	2040	381	18	584	190
ENSMUSG00000077088	0	0	0	0	0	0	0
ENSMUSG00000065564	871647	1876915	219650	430852	11919	1892	2325
ENSMUSG00000077996	49	3	30	36	24	32	25
ENSMUSG00000080334	0	0	0	0	0	0	0
ENSMUSG00000088277	0	0	0	0	0	0	0
ENSMUSG00000088116	0	0	0	0	0	0	0
ENSMUSG00000080490	1	1	0	0	5	0	0
ENSMUSG00000076122	180	141	493	1460	126	4036	2108
ENSMUSG00000080659	0	0	0	0	0	0	0
ENSMUSG00000077841	0	0	0	0	0	0	0
ENSMUSG00000070100	114	15	22	117	11	380	117
ENSMUSG00000076064	0	0	0	0	0	0	1
ENSMUSG00000076017	0	0	0	0	0	0	0
ENSMUSG00000076006	4390	71	143	10	2	8469	2508
ENSMUSG00000076052	123213	29677	5557	471	172	202301	80462
ENSMUSG00000080505	0	0	0	0	0	0	0
ENSMUSG00000089260	87	1	45	12	14	4	3
ENSMUSG00000088552	5	1	0	0	1	2	1
ENSMUSG00000088962	1	4	0	0	0	3	41
ENSMUSG00000076944	0	0	0	0	0	0	0
ENSMUSG00000080366	0	0	0	0	0	0	0
ENSMUSG00000088142	0	0	0	0	0	6	15
ENSMUSG00000077981	15	17	2	0	11	140	348
ENSMUSG00000087953	0	0	0	0	0	0	0
ENSMUSG00000065607	292	504	63	89	6	138	107
ENSMUSG00000076021	0	0	0	0	0	0	0
ENSMUSG00000088315	0	0	0	0	0	0	0
ENSMUSG00000065477	12620	921	640	84	255	240557	70801
ENSMUSG00000077111	1	0	0	33	0	1	5
ENSMUSG00000089160	0	1	0	0	0	1	2
ENSMUSG00000065543	15677	15672	666	418	22	6365	1696
ENSMUSG00000065567	2910	4930	2465	6329	209	902	410
ENSMUSG00000065501	4620	159	445	257	22	39987	8523
ENSMUSG00000080420	0	0	0	0	0	0	0
ENSMUSG00000065416	19	1	25	62	266	1308	1260
ENSMUSG00000070084	3573	56267	50102	242	45	92690	91281
ENSMUSG00000065555	75	89	44	43	4	80	129
ENSMUSG00000087900	0	0	0	0	0	0	0
ENSMUSG00000065480	0	9	7	0	0	0	0
ENSMUSG00000077938	0	0	0	0	0	0	0
ENSMUSG00000080453	1	0	0	0	0	1	2
ENSMUSG00000089139	25	81	27	41	0	88	43
ENSMUSG00000076405	0	0	0	0	0	0	0
ENSMUSG00000065590	3739	1086	126	25	3	417	124
ENSMUSG00000089214	11	4	1	3	0	7	3
ENSMUSG00000077979	0	0	0	0	0	0	0
ENSMUSG00000065411	1508	846	1160	1657	714	1094	615
ENSMUSG00000088723	0	0	1	0	0	2	27
ENSMUSG00000065410	71	229	4	0	97	73044	110925
ENSMUSG00000088606	2	0	0	1	0	0	2
ENSMUSG00000076282	0	0	0	0	0	0	8
ENSMUSG00000070101	5099	609	132	5	2	12879	8857
ENSMUSG00000080635	0	0	0	0	0	0	0
ENSMUSG00000080436	0	0	0	0	0	0	0
ENSMUSG00000089012	2	3	0	4	0	2	0
ENSMUSG00000088927	0	0	0	0	0	0	0
ENSMUSG00000088901	220	398	327	112	0	101	67
ENSMUSG00000089347	2237	2742	1932	449	286	1217	5564
ENSMUSG00000077846	1	0	0	0	0	0	0
ENSMUSG00000089165	0	0	0	1	1	0	13
ENSMUSG00000080397	0	0	0	0	0	0	0
ENSMUSG00000080621	3	5	3	2	93	18	34
ENSMUSG00000080406	153	208	1	0	0	13	9
ENSMUSG00000087844	1	3	2	1	0	0	1
ENSMUSG00000078020	0	0	0	0	0	0	0
ENSMUSG00000065597	7	1	1	0	0	0	0
ENSMUSG00000077851	2	0	0	0	0	0	0
ENSMUSG00000065458	424	11	37	79	2	8	8
ENSMUSG00000065425	323	191	8	0	0	1	0
ENSMUSG00000065440	181060	36141	54018	103117	7996	44579	16635
ENSMUSG00000088642	137	101	174	57	26	269	1704
ENSMUSG00000080650	0	0	0	0	0	0	0
ENSMUSG00000076269	375	26	295	751	37	829	358
ENSMUSG00000080670	0	0	0	0	0	0	0
ENSMUSG00000080514	0	1	0	1	4	0	0
ENSMUSG00000070128	818	1368	24	1	3	2099	777
ENSMUSG00000080483	0	0	0	0	0	0	0
ENSMUSG00000076023	0	0	0	0	0	0	0
ENSMUSG00000089110	0	0	0	0	0	0	0
ENSMUSG00000065507	949	12830	79	48	22	77	7
ENSMUSG00000080363	0	0	0	0	0	0	0
ENSMUSG00000065606	12011	1837	5436	11919	3018	117838	74132
ENSMUSG00000089604	0	0	0	0	0	0	0
ENSMUSG00000076050	42	4	106	214	10	80851	34796
ENSMUSG00000065563	45	42	11	30	9	292	109
ENSMUSG00000065538	4992	7	56	1	2	39	1
ENSMUSG00000088396	0	0	0	0	0	0	1
ENSMUSG00000065500	652	2117	16708	424180	18708	357044	289378
ENSMUSG00000077991	2	0	0	2	20	109	142
ENSMUSG00000088559	10506	12092	607	3774	1969	1799	547
ENSMUSG00000089219	1	2	0	0	0	0	0
ENSMUSG00000080388	0	0	0	0	0	0	0
ENSMUSG00000080535	1	0	2	1	8	14	64
ENSMUSG00000077071	0	0	0	0	0	0	0
ENSMUSG00000087931	1	7	2	1	1	11	11
ENSMUSG00000065453	92607	66610	26879	24906	3721	64838	15717
ENSMUSG00000065527	16175	6364	11257	23316	3187	28364	12506
ENSMUSG00000087865	0	0	1	0	1	0	5
ENSMUSG00000080590	0	0	0	0	0	0	0
ENSMUSG00000087952	0	0	0	0	1	0	0
ENSMUSG00000088034	0	0	0	0	0	0	0
ENSMUSG00000088289	0	0	0	0	0	0	0
ENSMUSG00000065438	791	45	15	1	0	2106	490
ENSMUSG00000080526	0	0	1	0	0	1	1
ENSMUSG00000076976	44	1	6	5	9	95	189
ENSMUSG00000080519	0	0	0	0	0	0	0
ENSMUSG00000077812	0	0	0	0	0	0	0
ENSMUSG00000065573	128	47	20	19	29	286	120
ENSMUSG00000088788	0	0	0	0	0	0	0
ENSMUSG00000065483	15208	8436	4106	3075	146	6584	1304
ENSMUSG00000080390	0	0	0	0	0	0	0
ENSMUSG00000076387	3891	608	420	1203	17	391	358
ENSMUSG00000088676	0	0	0	0	0	0	0
ENSMUSG00000065549	23220	22	820	58912	160	3931	1248
ENSMUSG00000065476	4409	997	2184	3787	207	10907	2607
ENSMUSG00000084471	0	0	0	0	0	1	1
ENSMUSG00000065557	4837	5106	1107	2093	132	36	26
ENSMUSG00000088592	1	2	0	0	0	7	3
ENSMUSG00000088215	0	0	0	0	0	0	0
ENSMUSG00000080349	0	0	1	0	0	0	0
ENSMUSG00000088174	8	37	17	39	3	107	264
ENSMUSG00000088491	1	0	0	3	1	1	1
ENSMUSG00000077852	0	0	0	0	0	0	0
ENSMUSG00000089492	1	0	2	1	1	4	38
ENSMUSG00000065405	680237	84077	569037	1603368	12947	192356	80980
ENSMUSG00000070108	395	255	53	239	27	319	63
ENSMUSG00000065441	5658	6187	198	0	1	9	5
ENSMUSG00000065582	283	409	97	6023	30	167	43
ENSMUSG00000065481	57	108	2	3	0	1	1
ENSMUSG00000076048	261	1228	376	275	37	1020	990
ENSMUSG00000076028	0	2	0	1	2	73	56
ENSMUSG00000070126	3	1	63	69	10	86	23
ENSMUSG00000065449	23	39	13	10	13	7	1
ENSMUSG00000077864	0	0	0	0	0	0	0
ENSMUSG00000080597	0	0	0	0	0	0	0
ENSMUSG00000065469	260	1056	14	6	0	2	0
ENSMUSG00000065395	70	67	25	878	6	2988	737
ENSMUSG00000080642	1	2	1	0	31	5	0
ENSMUSG00000077038	26	23	0	7	4	995	632
ENSMUSG00000065497	6728	2977	251	3	5	195776	68831
ENSMUSG00000088765	0	0	0	0	0	0	0
ENSMUSG00000080398	0	0	0	0	0	0	0
ENSMUSG00000087840	0	0	0	0	0	0	0
ENSMUSG00000065498	208477	15948	4508	1666	1465	2622	1225
ENSMUSG00000087757	0	0	0	0	0	0	0
ENSMUSG00000088607	0	0	0	3	1	0	0
ENSMUSG00000065509	109	29	15	58	1	7613	3500
ENSMUSG00000076286	783	1033	36	92	71	617	266
ENSMUSG00000088795	0	0	0	0	0	0	0
ENSMUSG00000076335	29	6	0	3	6	1	1
ENSMUSG00000080374	1	0	0	0	0	2	5
ENSMUSG00000076300	0	0	0	0	0	0	1
ENSMUSG00000080572	0	0	0	0	0	0	0
ENSMUSG00000088381	0	0	0	0	0	0	0
ENSMUSG00000080411	12	4	1	0	0	388	183
ENSMUSG00000088801	0	0	0	0	0	0	0
ENSMUSG00000089196	0	0	0	0	0	0	0
ENSMUSG00000077087	0	0	0	0	0	0	0
ENSMUSG00000077829	1	0	0	0	0	0	0
ENSMUSG00000088272	18	80	59	12	1	217	1383
ENSMUSG00000087918	0	0	0	0	0	0	0
ENSMUSG00000070099	0	0	0	0	0	89	280
ENSMUSG00000077834	0	0	0	0	0	1	1
ENSMUSG00000076020	0	0	0	0	0	0	0
ENSMUSG00000065448	437	73	12	0	0	1083	374
ENSMUSG00000080584	0	0	0	0	0	0	0
ENSMUSG00000088771	0	0	0	0	0	0	0
ENSMUSG00000077025	707	53	15	6	0	446	289
ENSMUSG00000080475	0	0	0	0	0	1	0
ENSMUSG00000077858	2	0	0	0	0	0	0
ENSMUSG00000065419	22484	9611	757	22	10	39600	16203
ENSMUSG00000065457	67455	40457	2050	630	5	4	0
ENSMUSG00000077056	0	0	0	0	0	0	0
ENSMUSG00000080356	32	61	20	79	10	164	189
ENSMUSG00000065562	153	5	1962	123	18	41198	745
ENSMUSG00000088140	0	1	0	1	0	1	5
ENSMUSG00000065541	708	47	1907	1445	7	2566	586
ENSMUSG00000065454	20	34	2	2	7	8	7
ENSMUSG00000089283	0	0	0	0	0	0	0
ENSMUSG00000088729	0	0	0	0	0	5	6
ENSMUSG00000080620	0	0	0	0	0	1	0
ENSMUSG00000088080	0	0	0	0	0	0	0
ENSMUSG00000078021	0	0	0	0	0	0	0
ENSMUSG00000089579	2	2	0	0	1	19	12
ENSMUSG00000077420	0	0	0	0	1	0	0
ENSMUSG00000089435	5	7	2	5	1	12	6
ENSMUSG00000065474	8537	0	320	9673	82	83980	2848
ENSMUSG00000080445	1	0	0	0	0	0	0
ENSMUSG00000078057	1967	558	54	1	0	13	10
ENSMUSG00000080338	0	0	0	0	0	0	0
ENSMUSG00000077813	0	0	0	0	0	0	0
ENSMUSG00000089104	0	0	0	0	0	0	0
ENSMUSG00000088424	0	0	0	0	0	0	0
ENSMUSG00000088455	1	0	0	0	1	58	198
ENSMUSG00000076460	33112	103220	4050	3976	580	20343	9959
ENSMUSG00000076364	0	0	0	1	13	1	0
ENSMUSG00000066080	0	0	0	0	0	0	2
ENSMUSG00000080407	0	0	0	0	0	0	0
ENSMUSG00000077853	0	0	0	0	0	0	0
ENSMUSG00000077990	3	1	0	0	0	0	0
ENSMUSG00000065619	143550	4731	4443	9153	386	237517	226169
ENSMUSG00000080383	0	0	0	0	0	0	0
ENSMUSG00000065473	0	0	0	0	0	39	31
ENSMUSG00000065546	0	0	1	834	3	10	20
ENSMUSG00000088847	3	1	1	2	2	4	6
ENSMUSG00000077921	36494	1179	5513	18989	2667	6625	1652
ENSMUSG00000078065	0	1	0	1	3	1	1
ENSMUSG00000065464	12138	5399	1697	9547	107	77	47
ENSMUSG00000088815	0	0	0	0	0	0	0
ENSMUSG00000088641	0	0	0	0	4	0	1
ENSMUSG00000076141	3	0	0	0	0	3	4
ENSMUSG00000080626	1	0	1	0	0	0	1
ENSMUSG00000065475	71187	10572	43508	91363	696	318905	67142
ENSMUSG00000065418	969	16	4414	4541	232	522561	199377
ENSMUSG00000088973	0	0	0	0	0	0	0
ENSMUSG00000080516	0	0	0	0	0	0	0
ENSMUSG00000077936	0	0	0	0	0	0	0
ENSMUSG00000070071	1	0	1	0	3626	23	3
ENSMUSG00000065515	5781	437	13933	17723	778	4544	4136
ENSMUSG00000087749	0	0	0	0	1	0	1
ENSMUSG00000065526	1062	326	35	6	3	9357	2188
ENSMUSG00000065510	1702	2244	309	420	14	3394	1193
ENSMUSG00000076966	0	0	0	0	0	6	4
ENSMUSG00000076309	1	0	4	3	26	1061	992
ENSMUSG00000077954	1	0	0	0	0	0	0
ENSMUSG00000065490	43	109	90	203	4	614	564
ENSMUSG00000076316	490	687	27	5	0	9816	4390
ENSMUSG00000065394	1955	1407	2901	3568	1735	28414	16890
ENSMUSG00000087928	0	0	0	0	0	0	0
ENSMUSG00000089122	0	2	1	2	9	2	6
ENSMUSG00000070127	53847	12142	5823	7365	1638	1175	10738
ENSMUSG00000065435	600	16	16	2	1	5	4
ENSMUSG00000076294	0	1	0	0	48	0	3
ENSMUSG00000076130	0	0	0	2	0	0	0
ENSMUSG00000077072	0	0	0	0	0	0	0
ENSMUSG00000065428	65998	41289	2109	105	20	2249	987
ENSMUSG00000076455	1	0	0	0	0	0	0
ENSMUSG00000078042	0	0	0	1	0	0	0
ENSMUSG00000088148	135	63	65	63	15	1479	2758
ENSMUSG00000088321	0	0	0	0	0	0	0
ENSMUSG00000078034	0	0	0	1	0	0	0
ENSMUSG00000080348	0	0	0	0	0	0	0
ENSMUSG00000070139	3661	1750	839	1926	102	6042	2150
ENSMUSG00000065524	402	640	9	7	4	0	0
ENSMUSG00000080410	0	0	0	0	0	0	0
ENSMUSG00000065604	463	349	115	422	8	10	13
ENSMUSG00000089328	0	0	0	0	0	0	0
ENSMUSG00000076024	0	0	0	0	0	0	0
ENSMUSG00000065561	18516	292	587	17	9	6395	1508
ENSMUSG00000076338	25994	4018	4627	1729	219	1242	462
ENSMUSG00000065572	414	82	42	47	95	2861	1421
ENSMUSG00000080371	0	1	0	0	0	0	0
ENSMUSG00000080676	0	0	0	0	0	0	0
ENSMUSG00000065556	130033	1939	25946	38991	1847	11051	5119
ENSMUSG00000080596	0	0	0	0	0	0	0
ENSMUSG00000089198	0	0	0	0	0	0	0
ENSMUSG00000065505	16590	760	41455	8456	8481	220435	67709
ENSMUSG00000088462	0	0	0	0	0	0	0
ENSMUSG00000088053	2	1	0	0	0	10	9
ENSMUSG00000070105	329	60	11	1	1	448	171
ENSMUSG00000080331	7129	1274	164	0	0	3	0
ENSMUSG00000076241	271	264	10	1	3	2398	1139
ENSMUSG00000080558	0	0	0	0	0	0	0
ENSMUSG00000065517	3176	710	1030	1619	65	720	206
ENSMUSG00000076049	11146	1835	349	199	17	159	42
ENSMUSG00000089361	0	0	0	0	0	0	4
ENSMUSG00000076318	144	188	3	1	1	0	0
ENSMUSG00000076143	9804	478	334	399	16	261	134
ENSMUSG00000089356	0	7	0	0	0	39	11
ENSMUSG00000076126	1	1	0	0	0	40	29
ENSMUSG00000065539	397	51	15	1	0	3	1
ENSMUSG00000076063	315	207	13	1	0	131	42
ENSMUSG00000065578	171	117	68	81	2	257	318
ENSMUSG00000065609	97	73	1	0	0	3	16
ENSMUSG00000088977	0	0	0	0	0	0	2
ENSMUSG00000077902	0	4	0	0	0	0	0
ENSMUSG00000065540	163973	15503	469561	541385	3699	227453	81276
ENSMUSG00000088032	24	86	64	24	12	279	1834
ENSMUSG00000076296	0	1	0	0	1	2	3
ENSMUSG00000077844	0	0	0	0	0	0	0
ENSMUSG00000087998	2	3	4	0	0	8	22
ENSMUSG00000065512	0	0	0	0	0	0	0
ENSMUSG00000088636	0	0	0	0	0	0	0
ENSMUSG00000065570	389	263	7	0	0	294	131
ENSMUSG00000076992	0	0	0	0	0	0	0
ENSMUSG00000088054	31	20	12	173	3	93	44
ENSMUSG00000088305	32	1	4	10	2	542	171
ENSMUSG00000076357	72	0	2	298	1	1	0
ENSMUSG00000076986	0	0	0	0	0	0	0
ENSMUSG00000076281	0	0	0	0	0	0	0
ENSMUSG00000080479	0	0	0	0	0	0	0
ENSMUSG00000080687	5	0	0	0	0	627	298
ENSMUSG00000065494	3615	6638	7057	8085	287	11585	3266
ENSMUSG00000076946	3626	617	356	1039	21	2282	1929
ENSMUSG00000065430	22	15	12	29	1	45	28
ENSMUSG00000089204	2	4	0	6	0	19	1
ENSMUSG00000080645	6524	13242	1409	2680	15	492	229
ENSMUSG00000080681	0	0	0	0	0	0	0
ENSMUSG00000080470	0	0	0	0	0	0	0
ENSMUSG00000077944	4	33	22	2	30169	2007	174
ENSMUSG00000080627	0	0	0	0	0	0	0
ENSMUSG00000077896	2750	41	66	5	10	32	34
ENSMUSG00000088610	0	0	0	0	0	0	0
ENSMUSG00000076256	1	0	3	9	1	17	26
ENSMUSG00000080660	0	0	0	0	0	0	0
ENSMUSG00000065594	816	384	98	697	23	662	239
ENSMUSG00000076398	7194	6119	2075	2008	103	1329	671
ENSMUSG00000065547	0	0	0	1	0	0	0
ENSMUSG00000088844	2	5	3	2	0	126	1412
ENSMUSG00000088544	2	9	1	2	1	5	3
ENSMUSG00000077033	0	0	0	0	0	0	0
ENSMUSG00000084564	2	2	2	2	1	2	2
ENSMUSG00000080328	0	0	0	0	0	0	0
ENSMUSG00000089330	1	0	0	3	2	1	1
ENSMUSG00000070103	4594	204	61	7	2	0	10
ENSMUSG00000087753	1	18	11	11	1	180	681
ENSMUSG00000080432	0	0	0	0	0	0	0
ENSMUSG00000080658	2	0	38	0	0	0	0
ENSMUSG00000065559	2398	184260	57	109	16	0	0
ENSMUSG00000076162	0	0	0	0	0	0	0
ENSMUSG00000089547	0	0	0	0	0	0	0
ENSMUSG00000089502	0	0	0	0	0	0	0
ENSMUSG00000076138	4	0	0	1	2	3	17
ENSMUSG00000088645	1	0	0	0	1	4	30
ENSMUSG00000065532	4256	1292	234	5764	1	842	148
ENSMUSG00000087729	0	0	0	0	0	0	0
ENSMUSG00000089245	0	0	0	0	0	1	0
ENSMUSG00000072900	968	599	24	1	1	16968	16356
ENSMUSG00000089101	1	5	2	3	12	2	10
ENSMUSG00000087944	0	0	0	0	0	0	0
ENSMUSG00000076158	0	0	0	0	0	0	0
ENSMUSG00000080467	0	0	0	0	2	0	0
ENSMUSG00000080651	0	0	0	0	0	0	0
ENSMUSG00000077868	0	0	0	0	0	0	0
ENSMUSG00000076224	0	0	0	0	0	0	0
ENSMUSG00000070078	1	1	0	0	2994	166	17
ENSMUSG00000077107	90	2	4	0	0	4	2
ENSMUSG00000080594	43	30	0	0	2	88	164
ENSMUSG00000076258	75	119	185	673	4	1859	2682
ENSMUSG00000089577	0	1	0	0	1	1	0
ENSMUSG00000080468	1	0	0	0	365	6	86
ENSMUSG00000076163	4	0	6	3	1	2	1
ENSMUSG00000088033	0	0	0	0	0	0	0
ENSMUSG00000065471	9912	1695	563	1196	16	605	368
ENSMUSG00000076457	1	0	0	48	0	267	2
ENSMUSG00000088860	8	10	2	5	3	114	56
ENSMUSG00000088931	0	0	0	0	0	0	0
ENSMUSG00000080579	1	1	2	1	0	0	0
ENSMUSG00000065579	4072	2642	1196	3803	988	8126	1606
ENSMUSG00000065499	5480	671	111	3	0	1	3
ENSMUSG00000088980	0	0	0	0	0	0	0
ENSMUSG00000070129	28541	437	839	54	16	68145	13752
ENSMUSG00000070140	4	30	0	0	1	782	338
ENSMUSG00000089537	0	0	0	0	0	0	0
ENSMUSG00000076022	0	0	0	0	0	0	0
ENSMUSG00000088006	0	0	0	0	0	0	0
ENSMUSG00000088609	0	0	0	0	0	0	0
ENSMUSG00000065603	149	19	12	46	1	58	13
ENSMUSG00000065508	1299	307	950	4111	859	6847	9631
ENSMUSG00000065406	26228	5138	8230	5929	740	324857	75648
ENSMUSG00000065427	19753	4	727	29611	70	4705	735
ENSMUSG00000077098	0	0	0	0	0	0	0
ENSMUSG00000089261	2	6	0	0	1	1	0
ENSMUSG00000077946	0	0	0	0	0	0	0
ENSMUSG00000077140	0	0	0	0	0	0	0
ENSMUSG00000077049	35	15	7	11	68	5361	8761
ENSMUSG00000076255	4043	13671	324	90	12	3115	1134
ENSMUSG00000076337	0	0	0	0	5	2	1
ENSMUSG00000088534	1	15	1	2	0	0	2
ENSMUSG00000076025	0	0	0	0	0	0	0
ENSMUSG00000065610	269060	33483	58927	93802	2748	6244	2748
ENSMUSG00000080546	0	0	0	0	0	0	0
ENSMUSG00000065452	1	0	0	0	0	0	0
ENSMUSG00000077879	1	0	0	0	0	1	0
ENSMUSG00000080402	0	0	0	0	0	0	0
ENSMUSG00000088986	0	1	0	0	0	0	0
ENSMUSG00000077998	1	3	0	0	4	591	2040
ENSMUSG00000076157	0	0	0	0	0	0	0
ENSMUSG00000077872	1	1	8	0	13893	246	26
ENSMUSG00000087976	0	0	0	0	0	0	0
ENSMUSG00000089173	0	0	0	0	0	0	0
ENSMUSG00000080541	0	0	0	0	0	0	0
ENSMUSG00000077962	417	235	246	273	3	47	13
ENSMUSG00000065518	1730	5162	1260	1935	559	18607	10608
ENSMUSG00000089151	2	0	0	1	1	3	0
ENSMUSG00000065595	16191	562	418	11	7	10743	2860
ENSMUSG00000076994	0	1	0	0	0	15	39
ENSMUSG00000077042	57	204	190	116	3	867	228
ENSMUSG00000080448	3	2	3	4	5	2	8
ENSMUSG00000065437	345861	415143	258162	427729	2495	199828	74792
ENSMUSG00000076350	1733	2520	16	0	1	1658	200
ENSMUSG00000080405	0	0	0	0	0	0	0
ENSMUSG00000089505	0	0	0	0	0	0	0
ENSMUSG00000065422	9520	756	883	2044	67	631	592
ENSMUSG00000088072	0	0	0	0	0	0	0
ENSMUSG00000070130	1672	5630	295	240	122	1322	829
ENSMUSG00000084730	0	0	0	0	0	1	0
ENSMUSG00000070102	92	146	84	884	10	671	37
ENSMUSG00000065484	1662	497	1681	6247	94	8788	2262
ENSMUSG00000087740	0	0	0	0	0	0	0
ENSMUSG00000087962	0	0	1	0	0	1	8
ENSMUSG00000088087	0	0	1	0	0	0	1
ENSMUSG00000089100	0	0	0	0	0	3	13
ENSMUSG00000076009	1	0	0	0	0	4	0
ENSMUSG00000076118	2723	3800	134	123	357	901	1550
ENSMUSG00000076011	3598	7313	443	1150	60	1597	541
ENSMUSG00000076332	0	0	2	0	321	6	14
ENSMUSG00000088113	4	6	12	2	5	31	21
ENSMUSG00000089463	0	0	0	0	0	0	5
ENSMUSG00000080330	0	0	0	0	0	0	0
ENSMUSG00000084523	1	0	0	3	0	0	0
ENSMUSG00000088061	0	0	0	0	0	0	0
ENSMUSG00000065470	7202	14075	10259	220	4	4984	1374
ENSMUSG00000087943	0	0	0	0	0	0	0
ENSMUSG00000089325	0	0	0	0	0	0	0
ENSMUSG00000089428	0	0	0	0	0	1	0
ENSMUSG00000065412	530	1086	120	410	0	24	6
ENSMUSG00000077826	0	0	0	0	0	0	0
ENSMUSG00000076161	0	0	0	0	0	0	0
ENSMUSG00000077897	15	0	68	32	31	67	5
ENSMUSG00000076399	0	1	3	1	1	183	53
ENSMUSG00000070136	266	56	10	0	4	384	105
ENSMUSG00000077082	0	0	1	2	21	0	2
ENSMUSG00000088807	0	0	0	0	0	19	289
ENSMUSG00000065523	16866	1791	12753	942394	1003	31406	4793
ENSMUSG00000065613	74	325	129	636	6	4792	1727
ENSMUSG00000065583	3619	330	72	27	4	23	8
ENSMUSG00000080606	0	0	0	0	0	0	0
ENSMUSG00000084751	1	2	0	0	0	0	2
ENSMUSG00000077931	460	458	34	27	13	6646	3860
ENSMUSG00000070141	50	9	3	0	1	631	193
ENSMUSG00000080458	0	1	0	0	0	1	1
ENSMUSG00000080435	1	1	0	0	0	0	0
ENSMUSG00000076972	290	299	57	42	16	464	233
ENSMUSG00000088567	7	14	3	8	2	12	22
ENSMUSG00000065429	1574	724	994	399	11	840	746
ENSMUSG00000080387	0	0	0	0	0	0	0
ENSMUSG00000076320	0	1	0	0	2	0	1
ENSMUSG00000065479	73209	1454689	31746	43417	555	25866	7625
ENSMUSG00000080600	0	0	0	1	0	0	1
ENSMUSG00000065472	123605	655961	37912	15627	1479	2721	409
ENSMUSG00000078062	0	0	0	0	0	0	0
ENSMUSG00000065611	3586	1377	6441	4186	123	4603	1127
ENSMUSG00000078038	1	1	8	1	7701	522	39
ENSMUSG00000076456	2741	4463	91	9	17	30	13
ENSMUSG00000089315	0	0	0	0	0	0	0
ENSMUSG00000077967	0	0	0	0	0	0	0
ENSMUSG00000080359	0	0	0	0	0	0	0
ENSMUSG00000080593	0	0	0	0	0	0	0
ENSMUSG00000077004	0	0	0	0	0	0	0
ENSMUSG00000076067	1174	6	26	3	0	7	3
ENSMUSG00000076018	0	0	0	0	0	0	0
ENSMUSG00000080415	0	0	0	1	0	0	0
ENSMUSG00000088178	0	0	0	0	0	0	0
ENSMUSG00000080489	0	0	0	0	0	0	0
ENSMUSG00000065544	333	4	222	1569	76	644	84
ENSMUSG00000088354	0	0	0	0	0	0	0
ENSMUSG00000076240	4	19	0	1	2	62	136
ENSMUSG00000080632	1	0	0	0	0	0	0
ENSMUSG00000084529	0	0	0	0	0	0	0
ENSMUSG00000077877	0	0	0	0	0	0	0
ENSMUSG00000078002	1	5	8	2	8678	12	2
ENSMUSG00000065444	10534	524	12090	17438	268	15724	4736
ENSMUSG00000065414	2976	1013	92	8	25	75	72
ENSMUSG00000080537	0	0	0	0	0	0	0
ENSMUSG00000065533	4	6	1	111	0	6022	2150
ENSMUSG00000065592	730	376	3889	4204	167	1476	478
ENSMUSG00000077065	0	0	0	0	0	0	0
ENSMUSG00000076376	530	1062	153	203	5	410	99
ENSMUSG00000078044	1	1	0	0	0	0	0
ENSMUSG00000080350	0	0	0	0	0	0	0
ENSMUSG00000065408	219	8	87	129	6	3895	1711
ENSMUSG00000080488	0	0	0	0	0	0	0
ENSMUSG00000089602	49	532	83	26	14	144	80
ENSMUSG00000089594	0	0	0	0	0	0	0
ENSMUSG00000087778	13	158	23	19	8	358	1355
ENSMUSG00000080662	25	1	444	9	0	5	1
ENSMUSG00000080556	1	0	0	0	0	0	0
ENSMUSG00000080471	0	0	0	0	0	0	0
ENSMUSG00000088752	17	31	3	23	17	33	29
ENSMUSG00000080326	0	0	0	0	0	0	0
ENSMUSG00000088399	1	4	2	0	0	8	56
ENSMUSG00000065415	492	278	18	2	0	2	1
ENSMUSG00000088826	0	0	0	1	0	1	0
ENSMUSG00000080647	0	0	0	0	0	0	0
ENSMUSG00000080674	0	0	0	0	0	0	0
ENSMUSG00000070076	423225	237426	12406	681	353	1061134	361047
ENSMUSG00000070073	3	6	5	0	5865	810	93
ENSMUSG00000076159	0	0	0	0	0	0	0
ENSMUSG00000089319	7	7	11	4	6	54	569
ENSMUSG00000065568	7120	603	228	27	0	9	5
ENSMUSG00000080530	0	0	0	0	0	0	0
ENSMUSG00000076145	202	92	3	9	2	2279	1717
ENSMUSG00000088109	355	601	1159	159	304	658	6267
ENSMUSG00000076396	942	1104	21	1	0	381	219
ENSMUSG00000076355	0	0	0	2	64	0	6
ENSMUSG00000080504	0	0	0	0	0	1	2
ENSMUSG00000065409	446518	17120	289900	855261	9599	79393	38532
ENSMUSG00000077972	3	3	1	0	5	4	17
ENSMUSG00000070107	47	0	1	34	0	0	0
ENSMUSG00000076382	0	0	0	0	0	0	0
ENSMUSG00000080452	8	42	3	3	1	13	7
ENSMUSG00000065602	23984	2165	20680	24108	1547	15973	1624
ENSMUSG00000065486	0	0	7	18	2	183	111
ENSMUSG00000065423	414	1622	2051	335	18	217	51
ENSMUSG00000065421	939230	732295	351070	446968	56182	93210	31933
ENSMUSG00000087762	0	0	0	0	0	0	0
ENSMUSG00000076451	12416	20492	334	3	0	95	100
ENSMUSG00000077001	779	15	13	0	0	33	5
ENSMUSG00000065615	31968	46193	10956	19875	4233	313842	188736
ENSMUSG00000076956	0	0	0	0	0	0	0
ENSMUSG00000065514	6138	1117	2605	5071	312	4639	2676
ENSMUSG00000076026	0	0	0	0	0	0	0
ENSMUSG00000065560	10425	2167	3331	5421	904	3292	1384
ENSMUSG00000065521	324	210	15	4	77	1472	2307
ENSMUSG00000065399	0	0	61	0	0	0	0
ENSMUSG00000065519	1278	4978	77542	1838209	1900	133025	54385
ENSMUSG00000065446	9867	4092	798	400	19	709	110
ENSMUSG00000077119	6	2	6	0	42748	55	3
ENSMUSG00000076156	0	0	0	0	0	0	0
ENSMUSG00000065504	8	15	0	0	0	0	0
ENSMUSG00000065402	353	546	23	56	54	1	0
ENSMUSG00000088015	2	2	4	8	0	0	0
ENSMUSG00000088882	2	6	2	1	1	0	1
ENSMUSG00000089135	0	0	0	0	0	0	0
ENSMUSG00000088246	0	0	0	0	0	0	0
ENSMUSG00000077060	0	0	0	0	0	0	0
ENSMUSG00000065551	422	237	155	190	20	6764	2444
ENSMUSG00000080533	19	1	11	15	6	65	103
ENSMUSG00000087744	1	0	0	0	0	0	0
ENSMUSG00000076147	6	0	6	2	0	2	1
ENSMUSG00000077028	0	0	0	0	0	0	0
ENSMUSG00000087751	1	1	0	0	0	18	20
ENSMUSG00000065577	603	126	9	0	0	1057	355
ENSMUSG00000087889	0	0	0	0	0	0	0
ENSMUSG00000065434	192	36	25	29	38	83	76
ENSMUSG00000065468	8491	667	3932	11778	641	35705	8512
ENSMUSG00000070138	37	4	64	181	26	14	23
ENSMUSG00000065450	681	180	8	0	0	1	0
ENSMUSG00000076305	0	1	0	0	0	0	0
ENSMUSG00000080617	0	0	0	0	0	0	0
ENSMUSG00000065589	598	4	134	420	32	26949	5723
ENSMUSG00000076459	86	102	6	0	0	1028	1878
ENSMUSG00000080434	0	0	0	0	0	0	0
ENSMUSG00000084486	0	0	0	0	3	0	0
ENSMUSG00000077035	0	0	0	0	0	0	0
ENSMUSG00000077948	0	0	0	0	1	0	0
ENSMUSG00000089555	3	0	1	1	0	177	113
ENSMUSG00000065443	9	4	103	80667	77	5086	6309
ENSMUSG00000087955	0	0	0	0	0	4	9
ENSMUSG00000070080	1802	1230	49	1	0	80905	21255
ENSMUSG00000077839	0	0	0	0	0	0	0
ENSMUSG00000065439	94200	92603	48452	97017	3735	10461	5177
ENSMUSG00000076027	0	0	0	0	0	0	0
ENSMUSG00000080424	0	0	0	0	0	5	5
ENSMUSG00000065400	28497	1	949	59311	126	1341	249
ENSMUSG00000065503	50	127	74	166	26	259075	125851
ENSMUSG00000080502	0	0	0	0	0	0	0
ENSMUSG00000080462	0	0	0	0	0	0	0
ENSMUSG00000088936	0	0	0	0	0	0	0
ENSMUSG00000080661	0	0	0	0	0	0	0
ENSMUSG00000077854	0	0	0	0	0	0	0
ENSMUSG00000077950	0	0	0	0	0	0	0
ENSMUSG00000076343	0	0	0	0	12	3	0
ENSMUSG00000065599	7326	5125	4446	8268	88	4285	698
ENSMUSG00000080589	3	3	5	11	36	11	7
ENSMUSG00000076066	22	20	44	112	11	765	200
ENSMUSG00000088202	1	7	5	2	0	11	38
ENSMUSG00000080525	1	1	1	0	1	4	4
ENSMUSG00000089193	3	10	11	14	5	82	211
ENSMUSG00000076222	19	3	0	3	4	545	382
ENSMUSG00000077973	0	0	0	0	0	0	0
ENSMUSG00000076120	111	0	4	6	0	6	1
ENSMUSG00000088785	0	0	0	0	0	0	0
ENSMUSG00000076394	0	0	1	0	9	0	1
ENSMUSG00000087974	0	1	0	0	0	1	3
ENSMUSG00000065616	1584	1121	48	1065	2566	9658	1404
ENSMUSG00000087950	7	1	1	11	1	29	28
ENSMUSG00000087837	85	287	294	48	18	7660	73399
ENSMUSG00000065534	1061	1100	90	149	7	458	238
ENSMUSG00000080487	0	0	0	0	0	0	0
ENSMUSG00000076043	3682	38	106	10	2	2810	697
ENSMUSG00000070133	124090	65287	3669	223	98	196165	44822
ENSMUSG00000080342	13	15	1	1	0	2	0
ENSMUSG00000076955	0	0	0	0	0	0	0
ENSMUSG00000078026	0	0	0	0	0	63	81
ENSMUSG00000089495	0	0	0	0	0	0	0
ENSMUSG00000080379	0	0	0	0	0	0	0
ENSMUSG00000065407	128	40	1	0	1	0	0
ENSMUSG00000076312	27	0	2416	4	13	70	20
ENSMUSG00000077845	0	0	0	0	0	1	0
ENSMUSG00000089511	0	8	15	9	2	594	1672
ENSMUSG00000065612	31673	41348	17782	13057	1403	129023	61373
ENSMUSG00000089432	2	3	0	0	0	24	11
ENSMUSG00000078003	0	0	0	0	0	0	0
ENSMUSG00000065511	3934	9660	157	1	39	1	3
ENSMUSG00000070081	64	137	13	3	0	34	4
ENSMUSG00000065485	65787	86478	4313	10	7	7	4
ENSMUSG00000077870	0	0	0	0	0	0	0
ENSMUSG00000065445	194951	22068	866227	625532	270986	531928	125288
ENSMUSG00000087763	0	0	0	0	0	0	0
ENSMUSG00000077816	0	0	0	0	0	0	0
ENSMUSG00000065571	252	207	15	63	3	429	264
ENSMUSG00000080446	5	3	3	2	42	15	34
ENSMUSG00000087821	0	0	0	0	2	0	0
ENSMUSG00000089362	4	0	2	6	7	3	3
ENSMUSG00000088496	0	0	0	0	0	0	0
ENSMUSG00000065451	202761	1920	87028	252024	3332	18294	3155
ENSMUSG00000088413	0	0	0	0	0	0	0
ENSMUSG00000078025	1	0	1	1	2	93	170
ENSMUSG00000070072	5827	15602	186	2	2	7786	3426
ENSMUSG00000065553	12	10	4	7	0	8	10
ENSMUSG00000076019	0	0	0	0	0	0	0
ENSMUSG00000065569	34573	92	1107	11	3	0	0
ENSMUSG00000076979	0	0	0	0	0	0	0
ENSMUSG00000076146	3	1	0	0	54	5	5
ENSMUSG00000080588	0	0	0	0	0	0	0
ENSMUSG00000065593	233	348	147	146	30	931	310
ENSMUSG00000076155	0	0	0	0	0	0	0
ENSMUSG00000080451	0	0	0	0	0	0	0
ENSMUSG00000089300	0	0	0	0	0	0	0
ENSMUSG00000070065	9857	1083	8074	3987	183	15564	5232
ENSMUSG00000076983	0	0	0	0	3	17	29
ENSMUSG00000080426	0	0	0	0	0	1	0
ENSMUSG00000065601	10359	3160	8687	16358	990	4611	1316
ENSMUSG00000076413	1	0	0	0	0	0	0
ENSMUSG00000080680	0	0	0	0	0	0	0
ENSMUSG00000077843	0	0	0	0	0	0	0
ENSMUSG00000089526	141	487	502	193	176	9327	34190
ENSMUSG00000077869	1	0	0	0	0	0	0
ENSMUSG00000080460	0	0	0	0	0	0	0
ENSMUSG00000076062	1561	3484	3932	6632	1151	169193	135201
ENSMUSG00000065431	15373	2365	5490	4643	168	54177	19490
ENSMUSG00000065550	562	133	62	11	21	1795	876
ENSMUSG00000065580	254	560	244	624	520	2204	1622
ENSMUSG00000076292	0	0	0	0	0	0	0
ENSMUSG00000065493	976	742	90	746	361	616	252
ENSMUSG00000080441	51	531	13	2	0	5	2
ENSMUSG00000080351	0	0	0	0	0	0	0
ENSMUSG00000065424	144	4	3	0	0	0	0
ENSMUSG00000065520	5702	906	242	13	16	97	76
ENSMUSG00000065398	146	19	20	100	0	354	108
ENSMUSG00000087820	6	1	1	2	2	2	9
ENSMUSG00000088464	3	11	5	2	0	2	0
ENSMUSG00000088345	0	0	0	0	0	0	0
ENSMUSG00000088459	6	0	2	25	0	10	2
ENSMUSG00000080669	6625	9336	201	1	2	1	1
ENSMUSG00000088841	5	18	4	2	0	5	2
ENSMUSG00000065401	17648	84	14616	3554	132	11970	5727
ENSMUSG00000088300	0	0	0	0	0	0	0
ENSMUSG00000089216	0	0	0	0	0	1	0
ENSMUSG00000070077	64	79	11	1	0	0	1
ENSMUSG00000087745	0	0	0	0	0	2	6
ENSMUSG00000076370	0	0	0	0	1	0	0
ENSMUSG00000077818	0	0	0	0	0	0	0
ENSMUSG00000080549	0	0	0	0	0	0	0
ENSMUSG00000080423	0	0	0	0	0	0	0
ENSMUSG00000080602	0	0	0	0	0	0	0
ENSMUSG00000077807	0	0	0	0	0	0	0
ENSMUSG00000078036	0	0	0	1	0	0	0
ENSMUSG00000089494	0	0	0	0	0	1	22
ENSMUSG00000076004	0	4	0	0	1	5	39
ENSMUSG00000077836	0	0	0	0	0	0	0
ENSMUSG00000080447	0	0	0	0	0	0	0
ENSMUSG00000080671	0	0	0	0	0	0	0
ENSMUSG00000065502	0	4	0	0	878	0	0
ENSMUSG00000080633	0	0	0	0	0	0	0
ENSMUSG00000078015	0	0	0	0	0	0	0
ENSMUSG00000078061	0	0	0	0	0	0	0
ENSMUSG00000077958	0	0	0	0	0	0	0
ENSMUSG00000080529	0	0	0	0	0	3	2
ENSMUSG00000077995	0	0	0	0	0	0	0
ENSMUSG00000076424	0	0	0	0	0	4	6
ENSMUSG00000080609	0	0	0	0	0	0	0
ENSMUSG00000080692	0	0	0	0	0	0	0
ENSMUSG00000080555	0	0	0	0	0	0	0
ENSMUSG00000088834	0	1	0	1	0	2	2
ENSMUSG00000088457	0	0	0	0	0	1	0
ENSMUSG00000080389	0	0	0	0	0	0	0
ENSMUSG00000089013	0	0	0	0	0	0	0
ENSMUSG00000080455	0	0	0	0	0	0	0
ENSMUSG00000076217	0	1	0	0	3	0	0
ENSMUSG00000080685	0	0	0	0	0	0	0
ENSMUSG00000080547	0	0	0	0	0	0	0
ENSMUSG00000077884	0	0	0	0	0	0	0
ENSMUSG00000080429	0	1	1	2	1	2	1
ENSMUSG00000080585	0	0	0	0	0	0	0
ENSMUSG00000077955	0	0	0	0	0	0	2
ENSMUSG00000078045	0	1	0	0	1	0	0
ENSMUSG00000080666	0	0	0	0	0	0	0
ENSMUSG00000077976	0	1	0	1	0	0	0
ENSMUSG00000080574	0	0	0	0	0	6	2
ENSMUSG00000089212	0	0	0	0	0	3	22
ENSMUSG00000080391	0	0	0	0	0	0	0
ENSMUSG00000077892	0	0	0	0	0	0	0
ENSMUSG00000080636	0	0	0	0	0	0	0
ENSMUSG00000080507	0	0	0	0	0	0	0
ENSMUSG00000080548	0	0	0	0	0	0	0
ENSMUSG00000084514	0	1	1	4	0	0	1
ENSMUSG00000080385	0	0	0	0	0	0	0
ENSMUSG00000080443	0	0	0	0	0	0	0
ENSMUSG00000088347	0	0	0	0	0	0	1
ENSMUSG00000077923	0	0	0	0	0	0	0
ENSMUSG00000088492	0	0	0	0	0	0	0
ENSMUSG00000077886	0	1	0	0	4	92559	18529
ENSMUSG00000077127	0	2	1	0	8542	22	2
ENSMUSG00000080473	0	0	0	0	0	0	0
ENSMUSG00000078019	0	0	0	0	0	0	0
ENSMUSG00000080638	0	0	0	0	0	1	0
ENSMUSG00000078012	0	0	0	0	0	0	0
ENSMUSG00000076010	0	17	0	93	0	235	174
ENSMUSG00000077863	0	0	0	1	0	0	0
ENSMUSG00000080552	0	0	0	0	0	0	1
ENSMUSG00000077832	0	0	0	0	0	0	0
ENSMUSG00000088985	0	0	0	0	0	0	0
ENSMUSG00000080392	0	0	0	0	0	0	0
ENSMUSG00000077131	0	0	0	0	0	0	0
ENSMUSG00000088478	0	0	0	0	0	0	2
ENSMUSG00000076144	0	0	0	0	0	0	0
ENSMUSG00000080515	0	0	0	0	0	0	0
ENSMUSG00000080484	0	0	0	0	0	0	0
ENSMUSG00000076042	0	2	0	0	0	0	0
ENSMUSG00000080586	0	0	0	0	0	0	0
ENSMUSG00000087827	0	1	1	0	0	257	1763
ENSMUSG00000084535	0	0	0	0	0	0	0
ENSMUSG00000080496	0	0	0	2	0	0	0
ENSMUSG00000077821	0	0	0	1	0	0	0
ENSMUSG00000077914	0	0	0	0	0	0	0
ENSMUSG00000080495	0	0	0	0	0	0	0
ENSMUSG00000088355	0	0	0	0	0	0	0
ENSMUSG00000088513	0	0	0	0	0	0	0
ENSMUSG00000080614	0	0	0	0	0	0	0
ENSMUSG00000080449	0	0	0	0	0	0	0
ENSMUSG00000088912	0	0	0	0	0	0	0
ENSMUSG00000080498	0	0	0	0	0	0	0
ENSMUSG00000077980	0	1	5	2	0	1	1
ENSMUSG00000078010	0	0	1	0	0	0	0
ENSMUSG00000080513	0	1	0	0	0	0	0
ENSMUSG00000076119	0	3	0	0	0	0	0
ENSMUSG00000084559	0	0	0	0	0	0	0
ENSMUSG00000080416	0	0	0	0	0	0	0
ENSMUSG00000076409	0	1	0	1	0	0	1
ENSMUSG00000080690	0	0	0	0	0	0	0
ENSMUSG00000080562	0	0	0	0	0	0	0
ENSMUSG00000077095	0	0	0	0	0	1	1
ENSMUSG00000080367	0	0	0	0	0	0	0
ENSMUSG00000077860	0	0	0	0	0	0	0
ENSMUSG00000088074	0	0	0	0	0	4	2
ENSMUSG00000077090	0	0	0	0	0	0	0
ENSMUSG00000080646	0	0	0	0	0	0	0
ENSMUSG00000076377	0	0	0	0	0	4	2
ENSMUSG00000080592	0	0	0	0	0	0	0
ENSMUSG00000080345	0	0	0	0	0	0	0
ENSMUSG00000077993	0	0	0	0	0	0	0
ENSMUSG00000080648	0	0	0	0	0	0	0
ENSMUSG00000076999	0	1	0	0	0	0	9
ENSMUSG00000080624	0	1	0	0	0	0	1
ENSMUSG00000078017	0	1	0	1	394	36	1
ENSMUSG00000076036	0	0	1	4	0	3	10
ENSMUSG00000065552	0	0	1	0	0	71	59
ENSMUSG00000080464	0	0	2	0	1	0	2
ENSMUSG00000076218	0	0	0	0	0	0	0
ENSMUSG00000076234	0	0	0	0	0	0	0
ENSMUSG00000076231	0	0	0	0	0	0	0
ENSMUSG00000080355	0	0	0	0	0	0	0
ENSMUSG00000076037	0	0	0	0	0	0	0
ENSMUSG00000076233	0	0	0	0	0	0	0
ENSMUSG00000077883	0	0	0	0	0	0	0
ENSMUSG00000088373	0	0	2	0	0	11	2
ENSMUSG00000089519	0	0	1	0	0	2	4
ENSMUSG00000076038	0	0	0	0	0	0	0
ENSMUSG00000076236	0	0	0	0	0	0	0
ENSMUSG00000078051	0	0	0	0	0	0	0
ENSMUSG00000080485	0	0	1	1	0	0	1
ENSMUSG00000065432	0	0	648	2	0	1	0
ENSMUSG00000080668	0	0	0	0	0	1	0
ENSMUSG00000087755	0	0	0	0	0	0	0
ENSMUSG00000080414	0	0	0	0	0	0	0
ENSMUSG00000076230	0	0	0	0	0	0	0
ENSMUSG00000080523	0	0	0	0	0	0	0
ENSMUSG00000080568	0	0	0	0	0	0	0
ENSMUSG00000088556	0	0	0	0	0	0	3
ENSMUSG00000080511	0	0	0	0	0	0	0
ENSMUSG00000076445	0	0	0	0	0	0	0
ENSMUSG00000076032	0	0	0	0	0	0	0
ENSMUSG00000076229	0	0	0	0	0	0	0
ENSMUSG00000080625	0	0	0	0	0	0	0
ENSMUSG00000088998	0	0	0	0	0	0	0
ENSMUSG00000076035	0	0	0	0	0	0	0
ENSMUSG00000077928	0	0	17	0	1	7	0
ENSMUSG00000080531	0	0	0	0	0	0	0
ENSMUSG00000080576	0	0	0	0	0	0	0
ENSMUSG00000072837	0	0	0	1	1	0	0
ENSMUSG00000077890	0	0	0	1	0	0	0
ENSMUSG00000084516	0	0	0	1	0	0	0
ENSMUSG00000089187	0	0	0	0	1	0	0
ENSMUSG00000089294	0	0	0	10	0	0	0
ENSMUSG00000089357	0	0	0	1	0	54	48
ENSMUSG00000077965	0	0	0	0	0	0	0
ENSMUSG00000077873	0	0	0	0	0	0	0
ENSMUSG00000077827	0	0	0	0	0	0	0
ENSMUSG00000084458	0	0	0	1	0	0	0
ENSMUSG00000078067	0	0	0	1	0	0	0
ENSMUSG00000077999	0	0	0	0	0	0	1
ENSMUSG00000076454	0	0	0	1	0	0	0
ENSMUSG00000089623	0	0	0	0	0	0	0
ENSMUSG00000077899	0	0	0	0	0	0	0
ENSMUSG00000076033	0	0	0	0	0	0	0
ENSMUSG00000077096	0	0	0	0	0	0	0
ENSMUSG00000080559	0	0	0	0	0	0	0
ENSMUSG00000089323	0	0	0	1	0	0	0
ENSMUSG00000077059	0	0	0	0	1	1	0
ENSMUSG00000080506	0	0	0	0	0	0	1
ENSMUSG00000080409	0	0	0	0	0	0	0
ENSMUSG00000076984	0	0	0	0	0	0	0
ENSMUSG00000080619	0	0	0	0	1	0	0
ENSMUSG00000077092	0	0	0	0	15	1	0
ENSMUSG00000080419	0	0	0	0	0	0	0
ENSMUSG00000077133	0	0	0	0	0	0	0
ENSMUSG00000070131	0	0	0	0	0	0	0
ENSMUSG00000078041	0	0	0	0	14	17979	6670
ENSMUSG00000078035	0	0	0	0	23	15541	4124
ENSMUSG00000089244	0	0	0	0	1	0	0
ENSMUSG00000078004	0	0	0	0	0	0	0
ENSMUSG00000077956	0	0	0	0	6296	277	14
ENSMUSG00000080376	0	0	0	0	0	0	0
ENSMUSG00000070104	0	0	0	0	242	19	3
ENSMUSG00000088872	0	0	0	0	0	0	0
ENSMUSG00000078024	0	0	0	0	64	4	0
ENSMUSG00000070132	0	0	0	0	0	0	0
ENSMUSG00000077903	0	0	0	0	2	2938	1138
ENSMUSG00000076961	0	0	0	0	0	0	0
ENSMUSG00000077040	0	0	0	0	0	0	0
ENSMUSG00000089574	0	0	0	0	0	1	4
ENSMUSG00000076053	0	0	0	0	0	0	0
ENSMUSG00000080567	0	0	0	0	0	0	0
ENSMUSG00000080652	0	0	0	0	0	0	0
ENSMUSG00000080459	0	0	0	0	0	0	0
ENSMUSG00000080560	0	0	0	0	0	1	0
ENSMUSG00000080612	0	0	0	0	0	0	0
ENSMUSG00000076303	0	0	0	0	0	0	0
ENSMUSG00000076248	0	0	0	0	0	0	0
ENSMUSG00000088292	0	0	0	0	0	0	0
ENSMUSG00000080573	0	0	0	0	0	0	1
ENSMUSG00000080678	0	0	0	0	0	1	0
ENSMUSG00000080493	0	0	0	0	0	0	0
ENSMUSG00000080472	0	0	0	0	0	0	0
ENSMUSG00000080382	0	0	0	0	0	0	0
ENSMUSG00000076359	0	0	0	0	0	0	0
ENSMUSG00000076054	0	0	0	0	0	0	0
ENSMUSG00000076246	0	0	0	0	0	3	0
ENSMUSG00000076216	0	0	0	0	0	1	0
ENSMUSG00000080604	0	0	0	0	0	0	0
ENSMUSG00000080500	0	0	0	0	0	16	45
ENSMUSG00000087996	0	0	0	0	0	0	0
ENSMUSG00000080332	0	0	0	0	0	0	0
ENSMUSG00000076448	0	0	0	0	0	1	0
ENSMUSG00000076250	0	0	0	0	0	0	0
ENSMUSG00000088673	0	0	0	0	0	0	0
ENSMUSG00000076029	0	0	0	0	0	0	0
ENSMUSG00000065482	0	0	0	0	0	6	4
ENSMUSG00000084565	0	0	0	0	0	1	0
ENSMUSG00000078060	0	0	0	0	0	2	9
ENSMUSG00000076030	0	0	0	0	0	0	0
ENSMUSG00000089374	0	0	0	0	0	0	0
ENSMUSG00000080466	0	0	0	0	0	0	0
ENSMUSG00000065413	0	0	0	0	0	31	1
ENSMUSG00000076031	0	0	0	0	0	0	0
ENSMUSG00000089059	0	0	0	0	0	0	0
ENSMUSG00000077847	0	0	0	0	0	1	0
ENSMUSG00000076244	0	0	0	0	0	0	0
ENSMUSG00000076060	0	0	0	0	0	4	0
ENSMUSG00000077815	0	0	0	0	0	310	72
ENSMUSG00000076137	0	0	0	0	0	0	0
ENSMUSG00000078032	0	0	0	0	0	4580	1273
ENSMUSG00000065447	0	0	0	0	0	187	63
ENSMUSG00000078008	0	0	0	0	0	10842	3787
ENSMUSG00000077994	0	0	0	0	0	1	2
ENSMUSG00000076057	0	0	0	0	0	0	0
ENSMUSG00000080686	0	0	0	0	0	2	1
ENSMUSG00000076275	0	0	0	0	0	413	127
ENSMUSG00000080386	0	0	0	0	0	0	0
ENSMUSG00000080657	0	0	0	0	0	4	6
ENSMUSG00000087706	0	0	0	0	0	0	0
ENSMUSG00000076249	0	0	0	0	0	0	0
ENSMUSG00000080571	0	0	0	0	0	0	0
ENSMUSG00000088699	0	0	0	0	0	2	4
ENSMUSG00000080422	0	0	0	0	0	0	0
ENSMUSG00000076237	0	0	0	0	0	0	0
ENSMUSG00000080599	0	0	0	0	0	0	0
ENSMUSG00000076228	0	0	0	0	0	0	0
ENSMUSG00000080649	0	0	0	0	0	0	1
ENSMUSG00000076407	0	0	0	0	0	0	0
ENSMUSG00000076414	0	0	0	0	0	0	1
ENSMUSG00000089180	0	0	0	0	0	0	1
ENSMUSG00000080344	0	0	0	0	0	0	0
ENSMUSG00000089467	0	0	0	0	0	0	0
ENSMUSG00000076227	0	0	0	0	0	0	0
ENSMUSG00000080550	0	0	0	0	0	0	1
ENSMUSG00000080346	0	0	0	0	0	0	3
ENSMUSG00000080444	0	0	0	0	0	0	0
ENSMUSG00000088833	0	0	0	0	0	0	1
ENSMUSG00000087818	0	0	0	0	0	0	0
ENSMUSG00000080543	0	0	0	0	0	0	1
ENSMUSG00000080598	0	0	0	0	0	0	0
ENSMUSG00000076039	0	0	0	0	0	0	0
ENSMUSG00000084651	0	0	0	0	0	0	1
ENSMUSG00000089523	0	0	0	0	0	0	0
ENSMUSG00000076136	0	0	0	0	0	0	0
ENSMUSG00000077817	0	0	0	0	0	0	0
ENSMUSG00000088809	0	0	0	0	0	0	0
ENSMUSG00000076327	0	0	0	0	0	0	1
ENSMUSG00000084663	0	0	0	0	0	0	1
ENSMUSG00000080362	0	0	0	0	0	0	0
ENSMUSG00000087855	0	0	0	0	0	0	1
ENSMUSG00000080521	0	0	0	0	0	0	0
ENSMUSG00000089611	0	0	0	0	0	0	1
ENSMUSG00000080527	0	0	0	0	0	0	1
ENSMUSG00000080554	0	0	0	0	0	0	0
ENSMUSG00000076428	0	0	0	0	0	0	0
ENSMUSG00000080640	0	0	0	0	0	0	0
ENSMUSG00000088319	0	0	0	0	0	0	0
ENSMUSG00000088590	0	0	0	0	0	0	3
ENSMUSG00000076356	0	0	0	0	0	0	0
