Brain	Cerebellum	Heart	Kidney	Placenta	Testis
ENSG00000221733	1	1	0	0	2	0
ENSG00000199072	653	292	474	374	46	467
ENSG00000238660	0	0	0	0	0	0
ENSG00000221035	911	1963	2555	415	25719	535
ENSG00000221072	1	0	0	0	0	0
ENSG00000212013	0	0	0	0	0	0
ENSG00000221052	8	2	1	2	0	14
ENSG00000238638	0	0	0	0	0	0
ENSG00000207942	251	96	93	39	14780	1075
ENSG00000212032	0	0	0	0	0	0
ENSG00000252004	4	0	2	22	14	15
ENSG00000207744	36	42	2695	125767	71906	77013
ENSG00000207562	3570	678	725	258	735	118457
ENSG00000212066	0	0	0	0	0	0
ENSG00000221244	0	0	0	0	0	0
ENSG00000221146	0	0	0	0	0	0
ENSG00000207857	0	0	0	0	0	0
ENSG00000207988	20	11	23	11	52	39
ENSG00000211574	46	26	0	0	17	0
ENSG00000222326	1	0	1	0	0	1
ENSG00000221028	2	2	2	0	1	0
ENSG00000207795	383	120	261	306	374	428
ENSG00000199066	2756	932	16	15	164	31
ENSG00000216036	0	0	0	0	0	0
ENSG00000221753	143	21	0	1	2	32
ENSG00000221724	2	0	2	1	1	0
ENSG00000222954	0	0	0	0	0	0
ENSG00000212104	0	0	0	0	0	0
ENSG00000252493	0	0	0	0	0	0
ENSG00000252445	0	0	1	0	0	0
ENSG00000199165	191	151	97	27	13	53
ENSG00000221448	0	0	0	0	0	2
ENSG00000207964	858	213	353	78	13	278
ENSG00000221623	0	0	0	0	0	0
ENSG00000221091	0	0	0	0	0	0
ENSG00000252142	0	0	0	0	0	0
ENSG00000207754	232	258	1	1	645	72
ENSG00000199038	73	107	44	56	327	74
ENSG00000244180	0	0	0	0	0	0
ENSG00000238512	0	0	0	0	0	0
ENSG00000221618	0	0	0	0	0	0
ENSG00000199051	1153	976	209	90	521	328
ENSG00000198983	2	4	2	0	12	1150
ENSG00000207968	239	33	109	117	1715	118
ENSG00000251912	0	0	0	0	0	0
ENSG00000212037	0	0	0	0	0	0
ENSG00000216164	0	0	0	0	0	0
ENSG00000241601	0	0	0	0	0	0
ENSG00000199089	0	0	9	0	4	24917
ENSG00000208028	4	2	10	0	11	4
ENSG00000199058	1	1	113	0	0	4
ENSG00000238919	0	0	0	0	0	0
ENSG00000202641	143	383	45	18	275	46
ENSG00000252801	0	0	0	0	0	0
ENSG00000207808	1480	92	4987	2470	28824	2646
ENSG00000222219	0	0	0	0	0	0
ENSG00000221745	11	1	0	0	106	2
ENSG00000207585	1876	920	205	122	190	122
ENSG00000207570	0	0	0	0	0	0
ENSG00000207736	2	0	0	0	0	0
ENSG00000239109	5	3	0	0	3	8
ENSG00000221162	0	0	0	0	0	0
ENSG00000222715	15	53	0	0	0	0
ENSG00000207753	133	79	2778	421	982	304
ENSG00000207631	0	0	0	1	15	5
ENSG00000222766	0	0	0	0	0	0
ENSG00000252773	1	0	0	0	0	0
ENSG00000221628	0	0	0	0	0	0
ENSG00000221674	0	0	0	0	0	0
ENSG00000207720	3	0	0	0	0	0
ENSG00000207950	37	14	6	0	28	73
ENSG00000221782	0	0	0	0	0	0
ENSG00000211582	141	50	3	2	115	38
ENSG00000221355	7	3	0	0	0	0
ENSG00000221454	3	1	0	0	0	4
ENSG00000208014	4	0	7	75	35	21
ENSG00000207868	0	0	0	0	0	37
ENSG00000207745	886	266	869	719	695	1580
ENSG00000221774	5	9	0	0	1	0
ENSG00000212098	0	0	0	0	0	0
ENSG00000208004	6	2	0	0	0	1
ENSG00000207712	20	0	65	10	21	27
ENSG00000221263	0	0	0	0	2	0
ENSG00000207978	23	20	4	2	122	32
ENSG00000221008	0	0	0	0	0	0
ENSG00000252454	1	0	0	1	39	19
ENSG00000252695	26	10	0	0	1	0
ENSG00000207800	306	24	3	5	17	17
ENSG00000221415	0	0	0	0	0	0
ENSG00000221327	0	0	0	0	0	0
ENSG00000221568	0	0	0	0	0	0
ENSG00000216173	6	0	0	0	0	4
ENSG00000207560	1	0	1	0	1	4
ENSG00000207620	0	0	0	0	0	0
ENSG00000207816	83	16	0	0	0	0
ENSG00000207982	0	0	1	3	13	5
ENSG00000211137	86	1	303	356	61	220
ENSG00000207703	47	44	2	0	1	3
ENSG00000208023	1031	438	592	196	64	348
ENSG00000221595	0	0	0	0	0	0
ENSG00000221656	6	16	0	0	0	0
ENSG00000207764	0	0	10	0	0	0
ENSG00000208007	11	18	14	112	61	198
ENSG00000252664	0	0	0	0	0	0
ENSG00000223079	0	0	0	0	0	0
ENSG00000216037	0	0	0	0	0	0
ENSG00000221185	0	0	0	0	0	0
ENSG00000221280	0	0	0	0	0	0
ENSG00000199023	382	287	143	47	173	345
ENSG00000221191	0	0	0	0	2	0
ENSG00000252153	2	0	0	0	0	0
ENSG00000199097	120	3	162	1774	8561	23234
ENSG00000211591	0	0	0	0	0	0
ENSG00000208024	1	0	36	19	18	35
ENSG00000221445	147	101	3	8	29	14
ENSG00000221520	6	1	1	2	5	12
ENSG00000252216	0	0	0	0	0	0
ENSG00000223123	0	0	0	0	0	0
ENSG00000222532	2	4	7	13	11	5
ENSG00000215924	0	0	0	0	0	0
ENSG00000221563	1	0	0	12	0	9
ENSG00000238828	355	67	98	56	31	87
ENSG00000199047	30087	40081	806547	166545	5079	22350
ENSG00000207582	451	203	1116	957	18027	1738
ENSG00000216004	0	0	0	0	0	0
ENSG00000208022	9	48	15	5	3	1
ENSG00000221755	0	0	0	0	0	0
ENSG00000252197	0	0	0	0	0	0
ENSG00000211581	4	4	1	0	1	0
ENSG00000222466	2	0	0	0	0	0
ENSG00000207749	150	154	14	5	290	197
ENSG00000202601	275	5	23	140	143	31
ENSG00000221289	0	0	0	0	0	0
ENSG00000212089	0	0	0	0	0	0
ENSG00000222899	0	0	0	0	0	0
ENSG00000221479	21	0	1	13	2	2
ENSG00000207935	127	831	4	282	128	234
ENSG00000207696	23	10	7	7	2	2
ENSG00000239150	0	0	0	0	0	0
ENSG00000252949	0	0	0	0	0	0
ENSG00000221062	97	60	8	11	0	13
ENSG00000221548	0	0	0	0	1504	0
ENSG00000238667	0	0	0	0	0	0
ENSG00000222080	21	4	1	0	2	5
ENSG00000252160	0	0	0	0	0	0
ENSG00000220978	0	0	0	0	0	0
ENSG00000221267	2	0	0	0	0	0
ENSG00000251910	3	0	0	0	0	0
ENSG00000207567	145	10	1107	458	6140	2108
ENSG00000211521	15	22	5	1	58	27
ENSG00000223030	0	0	0	0	0	0
ENSG00000207805	3	2	17	4	440	44
ENSG00000208005	4	0	1	20	42	152
ENSG00000221397	0	0	0	0	0	0
ENSG00000207584	6	0	13	3101	1066	5
ENSG00000211563	12944	2105	233	269	218	123
ENSG00000221760	6	1	10	2	6	0
ENSG00000221471	0	0	0	0	0	0
ENSG00000207743	48	25	6	1	128	63
ENSG00000215996	0	0	0	0	0	0
ENSG00000251713	0	0	0	0	0	0
ENSG00000207603	21	21	2	8	6	38
ENSG00000221424	0	0	0	0	0	0
ENSG00000199135	20	6	44	45	49	57
ENSG00000216141	0	0	0	0	0	0
ENSG00000221382	0	0	0	1	0	0
ENSG00000221181	0	0	0	0	0	0
ENSG00000211543	0	0	0	0	0	0
ENSG00000211566	0	0	0	0	0	0
ENSG00000207958	1104	3	26	2	0	8
ENSG00000222518	0	0	0	0	0	0
ENSG00000199065	196	43	421	1733	150	3068
ENSG00000212114	0	0	0	0	0	0
ENSG00000216197	0	0	0	0	0	0
ENSG00000207639	403	44	128	31	855	335
ENSG00000221037	0	0	0	0	0	0
ENSG00000221159	11	6	0	0	0	4
ENSG00000207798	15	0	0	20	8	64
ENSG00000221634	19	6	0	2	1	9
ENSG00000252528	0	0	0	0	0	0
ENSG00000221464	55	26	15	5	4	15
ENSG00000251855	0	0	0	0	0	0
ENSG00000207953	185	45	7	3	15	13
ENSG00000221287	0	0	0	0	0	0
ENSG00000216184	0	0	0	0	0	0
ENSG00000215939	111	165	0	1	88	67
ENSG00000207600	27328	35732	1360	1550	13	201
ENSG00000207794	3336	526	37839	17142	36805	12802
ENSG00000199088	17440	9554	530	535	49	13401
ENSG00000221331	6	2	10	1	12	6
ENSG00000221751	0	0	0	0	0	0
ENSG00000211556	0	0	0	0	0	0
ENSG00000216013	0	0	0	0	0	0
ENSG00000207735	1	0	0	0	4180	4
ENSG00000216179	50	31	0	0	8	4
ENSG00000216195	0	0	0	0	0	0
ENSG00000221403	0	0	0	0	0	0
ENSG00000207756	2	0	3	5	11	2
ENSG00000222494	0	0	0	0	0	0
ENSG00000207990	320	86	362	2783	9663	1133
ENSG00000252276	0	0	0	0	0	0
ENSG00000221744	0	0	0	0	0	0
ENSG00000199001	12	0	0	0	0	0
ENSG00000198982	236	75	1	4	22	86
ENSG00000207546	0	0	0	0	0	0
ENSG00000221271	0	0	0	0	0	0
ENSG00000221336	0	0	0	0	0	0
ENSG00000199180	50	4	59	30	49	164
ENSG00000207702	0	0	0	0	8	0
ENSG00000252731	0	0	0	0	0	0
ENSG00000199187	16	5	7	1	6	3
ENSG00000199012	29	2	0	0	64	8
ENSG00000222110	0	0	0	0	0	0
ENSG00000207692	46	1	1	1	2	6
ENSG00000221175	0	0	0	0	0	0
ENSG00000221441	0	0	0	0	0	0
ENSG00000207598	0	2	0	0	0	0
ENSG00000207729	1	0	4	1	1	2
ENSG00000238303	0	0	0	0	0	0
ENSG00000221027	0	0	0	0	0	0
ENSG00000221767	2002	821	827	1265	1442	309
ENSG00000221808	0	0	1	0	3	0
ENSG00000199059	4	83	2	30	150	78
ENSG00000221250	0	0	0	0	0	0
ENSG00000222121	0	0	0	0	0	0
ENSG00000221517	0	0	0	0	0	0
ENSG00000216009	8090	4047	81	112	165	173
ENSG00000199071	3893	6636	1262	660	3271	2012
ENSG00000208013	947	403	423	155	189	106
ENSG00000199130	21	3	9	1	14	10
ENSG00000216093	0	0	0	0	0	0
ENSG00000207628	5	0	24	6	29	55
ENSG00000221521	2	0	0	0	0	0
ENSG00000207965	82	26	26	49	144	141
ENSG00000223109	0	0	0	0	1	0
ENSG00000207650	0	0	2	0	0	3
ENSG00000221555	9	22	1	0	3	3
ENSG00000251826	0	0	0	0	0	0
ENSG00000199158	2	1	4	40	45	48
ENSG00000239867	0	0	0	0	0	0
ENSG00000207617	75	28	80	30	12	16
ENSG00000251765	0	0	0	0	0	0
ENSG00000207590	12	3	187	298	13	1366
ENSG00000212051	0	0	0	0	0	0
ENSG00000207763	1	0	0	0	0	0
ENSG00000208033	1	0	0	0	0	0
ENSG00000212061	0	0	0	0	0	0
ENSG00000252304	0	0	0	0	0	0
ENSG00000212065	0	0	0	0	0	0
ENSG00000222234	0	1	0	0	0	1
ENSG00000212093	0	0	0	1	0	0
ENSG00000216022	0	0	0	0	0	0
ENSG00000199107	514	765	36	20	1419	273
ENSG00000222071	2	0	0	0	0	0
ENSG00000198973	160	75	4	39	124	100
ENSG00000222548	0	0	0	0	0	0
ENSG00000221426	0	0	0	0	0	0
ENSG00000207866	0	0	0	0	0	0
ENSG00000221063	496	800	8	1	135	46
ENSG00000207980	1386	314	4965	1254	4973	5282
ENSG00000221726	0	0	0	0	0	0
ENSG00000221202	0	0	0	0	0	0
ENSG00000239160	0	0	0	0	0	0
ENSG00000207949	4	11	76	43	257	990
ENSG00000207698	37	0	177	287	324	418
ENSG00000215946	0	0	0	0	0	0
ENSG00000198987	1	1	32	12	130	89
ENSG00000221737	0	0	0	0	0	0
ENSG00000221173	0	0	0	0	0	0
ENSG00000216191	2	0	0	0	0	0
ENSG00000211534	5	0	0	0	0	0
ENSG00000238993	0	0	0	0	0	0
ENSG00000252547	1	0	0	0	0	0
ENSG00000222570	0	0	0	0	1	0
ENSG00000253008	59	42	23	14	8	8
ENSG00000220990	0	0	0	0	0	0
ENSG00000252488	0	0	0	0	0	0
ENSG00000221671	11	5	1	1	0	3
ENSG00000199025	175	15	72	7	869	323
ENSG00000212001	0	0	0	0	0	0
ENSG00000207773	5	2	6	0	0	7
ENSG00000252584	1	9	8	4	0	7
ENSG00000222833	0	0	0	0	0	0
ENSG00000223231	0	0	0	0	0	0
ENSG00000215938	11	5	5	1	22	63
ENSG00000252176	0	0	0	0	0	0
ENSG00000251856	0	4	0	0	8	26
ENSG00000221184	14	2	0	1	5	3
ENSG00000221717	0	0	0	0	0	6
ENSG00000207761	0	0	0	0	0	0
ENSG00000207793	2874	2113	15	9	1426	232
ENSG00000221621	0	0	0	0	0	0
ENSG00000238794	1	1	0	0	0	7
ENSG00000207633	59	54	19	12	15	28
ENSG00000216154	0	0	0	0	0	0
ENSG00000215930	7	0	1	0	5	3
ENSG00000216157	0	0	0	0	0	0
ENSG00000216056	15	52	0	7	1	224
ENSG00000221686	0	0	0	0	0	0
ENSG00000221763	0	0	0	0	0	0
ENSG00000207556	0	0	0	0	0	0
ENSG00000207809	4465	171	177	127	32	118
ENSG00000199005	3114	1890	24	5	143	47
ENSG00000221132	74	129	2	0	6	33
ENSG00000199149	967	172	2399	1430	569	2670
ENSG00000211513	5	3	0	0	0	2
ENSG00000221641	7	5	8	2	5	46
ENSG00000222647	0	0	0	0	0	0
ENSG00000207922	2	0	0	0	0	2
ENSG00000252286	0	0	0	0	0	4
ENSG00000207895	121	57	1	0	2	153
ENSG00000199177	115	346	13	14	650	397
ENSG00000194717	47	26	12	0	49	437
ENSG00000207581	4	0	232	34	2268	195
ENSG00000207619	32	39	1	21	1	5
ENSG00000238574	0	2	0	0	0	1
ENSG00000216204	0	0	0	0	0	0
ENSG00000207782	258	147	326	22	47	210
ENSG00000221482	0	0	0	0	0	0
ENSG00000221291	0	1	0	0	0	0
ENSG00000252940	1	0	0	0	2	0
ENSG00000199030	330819	359188	46694	10604	1493	87608
ENSG00000221296	1	5	0	0	0	1
ENSG00000199082	1625	1958	343	138	630	156
ENSG00000207651	1550	1352	3338	2248	3044	2053
ENSG00000221328	0	0	0	0	0	0
ENSG00000238916	86	17	75	23	27	44
ENSG00000221386	47	11	0	0	0	25
ENSG00000207742	4360	2782	161	36	254	439
ENSG00000252851	7	6	0	0	0	2
ENSG00000239118	0	0	0	0	0	0
ENSG00000239060	0	0	0	0	0	0
ENSG00000216077	149	39	62	11	66	54
ENSG00000207846	0	0	0	0	0	0
ENSG00000207767	0	0	0	0	0	0
ENSG00000207987	0	0	0	0	1984	18
ENSG00000211997	729	89	63	265	27	297
ENSG00000252666	0	0	0	0	0	0
ENSG00000207589	46	36	16	1387	53	82201
ENSG00000221104	1	0	0	0	3	4
ENSG00000207701	7	9	0	0	0	0
ENSG00000251782	0	0	0	0	0	0
ENSG00000208017	49384	32069	23974	26810	3697	13486
ENSG00000208001	408	308	1	0	2606	11
ENSG00000216119	0	0	0	0	0	0
ENSG00000221473	1	0	0	0	0	0
ENSG00000238728	0	0	0	0	0	0
ENSG00000211506	53	15	0	0	18	0
ENSG00000216144	0	0	0	0	0	0
ENSG00000221597	0	0	0	0	0	0
ENSG00000252492	1	0	0	0	0	2
ENSG00000238448	0	0	0	0	0	0
ENSG00000221566	1	1	2	0	0	0
ENSG00000207727	5	0	0	0	0	0
ENSG00000211520	10	5	1	15	0	38
ENSG00000199060	1991	408	8473	1164	165781	4099
ENSG00000199153	50840	46433	19019	57999	81792	6729
ENSG00000207775	0	0	0	0	0	0
ENSG00000221169	2	0	0	0	0	0
ENSG00000252340	19	7	1	1	2	21
ENSG00000208006	2	0	9	4	27	27
ENSG00000207638	4561	3039	5980	2135	361	5135
ENSG00000253030	5	3	1	0	2	1
ENSG00000216133	1	1	1	0	0	0
ENSG00000207714	2750	278	58	3	2551	40
ENSG00000207993	5707	2192	76	66	148	1232
ENSG00000221393	0	0	0	0	0	0
ENSG00000223207	0	0	0	0	0	0
ENSG00000221075	0	0	0	0	0	0
ENSG00000252270	0	1	1	0	0	6
ENSG00000221573	0	0	0	0	0	0
ENSG00000207937	0	0	0	0	0	0
ENSG00000212039	0	0	0	0	0	0
ENSG00000221625	9	2	0	0	0	9
ENSG00000207622	10	9	2	1	0	15
ENSG00000221419	39	10	36	2	37	9
ENSG00000198974	14665	3347	37921	33019	12087	16399
ENSG00000221499	0	0	0	7	0	0
ENSG00000221084	3	5	0	0	0	2
ENSG00000222631	0	0	0	0	0	0
ENSG00000207806	4	1	0	0	728	11
ENSG00000222730	0	0	0	0	0	0
ENSG00000208032	5	0	1	0	0	4
ENSG00000252939	0	0	0	0	0	0
ENSG00000207966	837	122	1380	665	938	954
ENSG00000199077	1579	1542	2	9	0	437
ENSG00000208009	387	187	844	1117	7750	3059
ENSG00000216181	0	0	0	0	0	0
ENSG00000221011	0	0	0	0	0	0
ENSG00000221096	44	14	4	0	0	12
ENSG00000207981	1	0	0	0	3732	25
ENSG00000221334	0	0	0	0	0	0
ENSG00000207986	1	0	0	0	0	0
ENSG00000252583	0	0	0	9	0	1622
ENSG00000222643	0	0	0	0	0	0
ENSG00000252938	0	0	0	0	0	0
ENSG00000211578	70	25	5	1	18	72
ENSG00000238573	0	0	0	0	0	0
ENSG00000221492	3	60	0	0	0	0
ENSG00000198986	6021	4565	800	423	248	631
ENSG00000199032	1577	1044	391	427	1017	1030
ENSG00000221110	0	0	0	0	0	0
ENSG00000211987	0	0	0	0	0	0
ENSG00000251701	0	0	0	0	0	0
ENSG00000215945	0	0	0	0	0	0
ENSG00000216055	0	0	0	0	0	0
ENSG00000221053	0	0	0	0	0	0
ENSG00000212029	0	0	0	0	0	0
ENSG00000212049	0	0	0	0	0	0
ENSG00000215937	0	0	0	0	0	0
ENSG00000221064	2	2	1	0	0	2
ENSG00000207973	240	187	19	20	65	20
ENSG00000207707	5	5	4	6	2	4
ENSG00000207737	128	100	10	15	162	15
ENSG00000211991	4	0	5	3	1	0
ENSG00000221762	0	0	0	0	1	1
ENSG00000221427	0	0	0	0	0	0
ENSG00000207989	82	99	64	37	5382	641
ENSG00000220998	0	0	0	0	0	0
ENSG00000212086	0	0	0	0	0	0
ENSG00000207755	0	0	0	0	16	3
ENSG00000252737	0	0	0	0	0	0
ENSG00000222586	0	0	0	0	0	0
ENSG00000252573	0	0	0	0	0	0
ENSG00000240779	0	0	0	0	0	0
ENSG00000207621	5	5	163	10	1337	17
ENSG00000207948	830	696	26	23	7	22
ENSG00000238346	1477	803	146	40	71	225
ENSG00000221233	0	0	0	0	0	0
ENSG00000221230	9	1	0	2	12	0
ENSG00000221193	0	2	0	0	0	0
ENSG00000207739	30	90	1	1	0	0
ENSG00000252997	0	0	0	0	0	0
ENSG00000207776	1	0	0	1	1	1
ENSG00000251832	0	0	0	0	0	0
ENSG00000211983	0	0	0	0	0	0
ENSG00000202560	137	98	1	0	359	58
ENSG00000216002	0	0	0	0	0	0
ENSG00000211515	0	0	0	0	0	0
ENSG00000221133	40	4	4	6	371	69
ENSG00000221736	0	0	0	0	0	0
ENSG00000208035	107547	19399	502488	476345	503431	1082076
ENSG00000221619	0	0	0	0	0	0
ENSG00000221401	0	0	0	0	0	0
ENSG00000223036	0	0	0	0	0	0
ENSG00000198972	18270	21292	4540	1656	4608	3894
ENSG00000207602	58	32	31	89	24	37
ENSG00000212094	0	0	0	0	0	0
ENSG00000221570	0	0	0	0	0	0
ENSG00000221698	0	0	0	0	0	0
ENSG00000221039	2	4	0	0	1	0
ENSG00000251862	22	4	0	0	1	4
ENSG00000199161	12823	1175	84214	18822	30786	12296
ENSG00000221311	0	0	0	0	0	0
ENSG00000221436	0	0	0	0	0	0
ENSG00000223200	0	0	0	0	0	0
ENSG00000216114	0	0	0	0	0	1
ENSG00000207605	7544	6632	5579	3270	65326	6377
ENSG00000207705	183	239	0	1	0	33
ENSG00000252194	0	0	0	0	0	0
ENSG00000238442	0	0	0	0	0	0
ENSG00000212091	0	0	0	0	0	0
ENSG00000222309	1	0	0	0	0	2
ENSG00000199109	620	159	186	77	9998	2831
ENSG00000221265	10	0	7	2	4	11
ENSG00000216001	15	1	15	190	808	335
ENSG00000212034	0	0	0	0	0	0
ENSG00000221302	0	0	0	0	0	0
ENSG00000252095	0	0	0	0	0	0
ENSG00000207741	7	0	53	6	140	63
ENSG00000221434	0	0	0	0	0	0
ENSG00000208015	29	47	18	103	76	65
ENSG00000238648	1	1	0	1	16	0
ENSG00000221747	0	0	0	0	0	0
ENSG00000207762	0	0	0	0	0	0
ENSG00000216099	574	81	10	22	1262	362
ENSG00000207595	1184	1364	368	282	2037	96
ENSG00000207781	182	92	7	7	809	129
ENSG00000221785	0	0	0	0	0	0
ENSG00000207992	5	0	2	0	121	8
ENSG00000222851	0	0	0	0	0	0
ENSG00000199043	224	8	195	74	6681	384
ENSG00000238826	2	0	0	0	0	0
ENSG00000208008	18512	42611	4983	2630	8118	3134
ENSG00000221685	0	0	0	0	0	0
ENSG00000252092	7	9	0	0	0	6
ENSG00000221163	9	6	1	0	1	4
ENSG00000216090	10	0	0	0	4	3
ENSG00000221002	0	0	0	0	0	0
ENSG00000221669	0	0	4	0	3	3
ENSG00000207649	135	30	0	13	1	0
ENSG00000198975	212	188	43	24	21	49
ENSG00000221292	0	0	0	0	0	0
ENSG00000207956	7	4	3	0	2	2
ENSG00000207731	3	7	1	135	1	9863
ENSG00000199015	30	29	10	3	301	128
ENSG00000252708	0	0	0	0	0	0
ENSG00000208016	0	0	0	0	303	18
ENSG00000199024	19	16	6	2	60	17
ENSG00000199085	663	132	9886	11000	29050	8407
ENSG00000207959	6	3	0	1	96	33
ENSG00000211558	0	0	0	0	0	0
ENSG00000216015	0	0	0	0	0	0
ENSG00000207713	139	104	18	3891	841	30
ENSG00000221714	0	0	0	0	0	0
ENSG00000207568	689	115	63	702	1144	91
ENSG00000221243	0	0	0	0	0	0
ENSG00000239174	0	0	0	0	0	0
ENSG00000207936	1891	563	1170	1333	560	2456
ENSG00000221214	1	0	11	4	20	14
ENSG00000207867	0	0	0	0	0	0
ENSG00000207875	757869	1067639	53270	20435	2504	100759
ENSG00000221581	0	0	0	0	0	0
ENSG00000211583	229	23	0	0	194	32
ENSG00000238937	0	0	0	0	0	0
ENSG00000252830	0	0	0	0	0	0
ENSG00000238518	0	0	0	0	0	0
ENSG00000207654	667	447	7	7	33	17
ENSG00000215920	0	0	0	0	0	0
ENSG00000238644	0	0	0	0	0	0
ENSG00000198995	2325	305	280	146	2030	606
ENSG00000215942	0	0	0	0	0	0
ENSG00000207786	0	0	4	0	0	0
ENSG00000198984	50	48	31	22	85	50
ENSG00000215958	0	0	0	0	0	0
ENSG00000207784	80	4	183	1934	2635	2448
ENSG00000207957	0	0	0	0	0	0
ENSG00000212110	0	0	0	0	0	0
ENSG00000207996	4	2	9	9	1006	54
ENSG00000207708	1	2	7	1256	41029	30
ENSG00000252044	2	1	2	0	0	4
ENSG00000223010	0	0	0	0	0	0
ENSG00000207597	113	35	138	0	23	4
ENSG00000207864	31937	10733	28030	16482	159964	6424
ENSG00000207563	6912	3240	7576	2504	3054	2707
ENSG00000221218	0	0	0	0	2	1
ENSG00000207721	1975	1140	2937	1433	12988	2154
ENSG00000252875	0	0	0	0	0	0
ENSG00000211984	0	0	0	0	0	0
ENSG00000207700	388	74	1430	426	1425	2819
ENSG00000207946	1	0	2	0	36315	50
ENSG00000238532	0	0	0	0	0	0
ENSG00000221662	0	0	0	0	0	1
ENSG00000222943	0	0	0	0	0	0
ENSG00000221317	0	0	0	0	0	0
ENSG00000199075	3	0	0	0	4	1
ENSG00000215944	0	0	0	0	0	0
ENSG00000221335	0	0	0	0	0	0
ENSG00000207624	0	1	2	2	1	12
ENSG00000207548	14	4	10	147	1	105
ENSG00000211514	53	17	100	74	527	84
ENSG00000208027	217	148	4	1	117	59
ENSG00000252567	110	13	3	16	15	51
ENSG00000207688	0	0	0	0	0	0
ENSG00000199150	37569	41469	20683	10648	5383	30628
ENSG00000221688	7	2	0	0	1	2
ENSG00000207985	0	0	0	0	0	0
ENSG00000221119	0	0	0	0	0	0
ENSG00000199035	3	4	1	1	2	0
ENSG00000221240	47	52	1	0	0	1
ENSG00000252330	0	0	0	0	0	0
ENSG00000207870	2751	277	1242	575	12562	326
ENSG00000222884	0	0	0	0	0	0
ENSG00000221351	0	0	0	0	0	0
ENSG00000221394	17	9	0	0	0	0
ENSG00000207791	152	421	175	126	421	806
ENSG00000199069	286	172	1	0	210	19
ENSG00000221545	1	0	1	0	3	9
ENSG00000221598	319	11	0	2	1	2
ENSG00000221579	0	0	0	0	0	0
ENSG00000215933	0	0	0	0	0	0
ENSG00000208010	0	0	0	0	0	0
ENSG00000215954	0	0	0	0	0	0
ENSG00000222696	1	0	0	0	0	0
ENSG00000216097	0	0	0	0	0	0
ENSG00000251725	5	9	1	2	10	1
ENSG00000212040	40	21	3	2	124	31
ENSG00000252781	0	0	0	0	0	0
ENSG00000222316	0	0	0	0	0	0
ENSG00000199132	1	0	0	0	0	17
ENSG00000252466	2	2	0	0	12	0
ENSG00000216089	0	0	0	0	0	0
ENSG00000207947	931	231	4152	1921	252	2092
ENSG00000222061	0	0	0	0	0	0
ENSG00000207759	1115	205	93	111	1381	89
ENSG00000215984	0	0	0	0	0	0
ENSG00000207939	41	11	36	12	980	65
ENSG00000221684	0	0	0	0	0	0
ENSG00000199168	1007	7	2248	3728	1697	2798
ENSG00000207635	13	3	2101	8	15	30
ENSG00000221136	1	0	0	0	0	0
ENSG00000199121	1788	541	2938	2563	43677	6938
ENSG00000239070	0	0	0	0	0	0
ENSG00000222732	0	0	0	0	0	0
ENSG00000221697	10	5	6	8	115	4
ENSG00000220993	0	0	0	0	0	0
ENSG00000221204	0	0	0	0	0	0
ENSG00000221258	0	0	0	0	0	0
ENSG00000207941	7	1	0	2	1	7
ENSG00000207792	16662	6655	5014	8902	14255	6817
ENSG00000207572	803	291	337	1139	1039	125
ENSG00000207618	885	38	12561	6168	6236	4314
ENSG00000221176	1	0	0	0	0	0
ENSG00000215934	0	0	0	0	0	0
ENSG00000199179	5379	17437	2342	816	7821	3431
ENSG00000221098	0	0	0	0	0	2
ENSG00000207648	1072	896	812	127648	6765	1888
ENSG00000207777	77	89	6919	103250	18138	3474
ENSG00000221120	1266	1987	0	0	0	30
ENSG00000207932	102	18	41	44	26	222
ENSG00000238340	0	0	0	0	0	1
ENSG00000207827	52693	18846	71168	574835	114513	15179
ENSG00000221493	3	10	1	3	0	0
ENSG00000221630	47	4	32	5	0	4
ENSG00000222311	0	0	0	0	0	0
ENSG00000212036	0	0	0	0	0	0
ENSG00000207732	8	2	4	6	22	1
ENSG00000221599	0	0	0	0	0	0
ENSG00000207839	76	6	7	3	44	16
ENSG00000207724	1860	470	68	24	73	138
ENSG00000207718	498	295	640	673	2229	656
ENSG00000207811	14	4	2	2	36	483
ENSG00000222085	0	0	0	0	0	0
ENSG00000252248	0	1	0	1	0	0
ENSG00000209707	7	3	162	14	210	35
ENSG00000221081	0	0	0	0	0	0
ENSG00000222079	0	0	0	0	0	0
ENSG00000252181	0	0	0	0	0	2
ENSG00000207955	60980	8396	1	0	2	0
ENSG00000199090	14	34	3	2	10	4
ENSG00000221759	0	0	0	0	0	0
ENSG00000223214	0	0	0	0	0	0
ENSG00000207547	849	818	1142	773	5835	1042
ENSG00000207604	105	7882	90	184	0	17
ENSG00000220984	7	2	0	0	0	8
ENSG00000239117	0	0	0	0	0	0
ENSG00000207927	14	43	163	1	0	0
ENSG00000239113	0	0	0	0	0	0
ENSG00000215926	0	0	0	0	0	0
ENSG00000221614	0	1	0	0	10	2
ENSG00000216132	0	0	0	0	0	0
ENSG00000252331	0	0	0	0	1	1
ENSG00000220982	0	0	0	0	0	0
ENSG00000215953	0	0	0	0	0	0
ENSG00000212027	275	49	283	327	468	737
ENSG00000207709	1583	1546	268	58	52	216
ENSG00000198981	12112	2287	6436	6474	5134	7506
ENSG00000207689	0	0	0	0	0	0
ENSG00000221720	0	0	0	0	0	0
ENSG00000216162	0	0	0	0	0	0
ENSG00000252500	0	0	0	0	0	0
ENSG00000215977	0	0	0	0	0	0
ENSG00000207960	3	0	1	0	0	5
ENSG00000212111	0	0	0	0	0	0
ENSG00000221511	0	0	0	0	0	20
ENSG00000252632	0	0	0	0	0	0
ENSG00000221343	0	0	0	0	0	0
ENSG00000252375	0	0	0	0	0	0
ENSG00000238335	0	0	0	0	0	0
ENSG00000221236	0	0	0	0	0	0
ENSG00000212071	0	0	0	0	0	0
ENSG00000211517	498	85	148	23	132	146
ENSG00000221316	0	0	0	0	0	0
ENSG00000221608	0	0	0	0	0	0
ENSG00000216098	3	6	0	0	0	0
ENSG00000207931	1003	9	2	42	1	10
ENSG00000207975	51	3	5	7	9	6
ENSG00000215943	0	1	0	0	0	0
ENSG00000222235	7	1	0	0	0	4
ENSG00000221431	0	0	0	0	0	0
ENSG00000221055	0	0	0	0	0	0
ENSG00000221692	0	0	0	0	0	0
ENSG00000207790	288	217	84	61	16	32
ENSG00000207865	60	71	19	26	154	433
ENSG00000216206	0	0	0	0	0	0
ENSG00000207722	0	0	0	0	0	0
ENSG00000221352	0	0	0	0	0	0
ENSG00000221219	0	0	0	0	0	0
ENSG00000216150	0	0	0	0	0	0
ENSG00000221488	0	0	0	0	0	0
ENSG00000199017	2	0	1032	0	0	5
ENSG00000252741	0	0	0	0	0	1
ENSG00000211525	0	0	0	0	0	0
ENSG00000199127	375	652	0	2	0	97
ENSG00000221661	0	0	0	0	0	0
ENSG00000221177	0	0	0	0	0	0
ENSG00000221041	0	0	0	1	0	0
ENSG00000207976	2	0	0	1	0	1
ENSG00000216113	0	0	0	0	0	0
ENSG00000221559	1	0	0	0	0	0
ENSG00000207768	0	3	0	19	44	10
ENSG00000252345	1	0	0	0	0	0
ENSG00000208034	24	3	3	11	100	3
ENSG00000221131	0	0	0	0	0	0
ENSG00000220995	0	0	0	0	0	0
ENSG00000216101	177	73	6	3	27	36
ENSG00000243151	0	0	0	0	0	0
ENSG00000251966	0	0	0	0	0	0
ENSG00000251903	0	0	0	0	0	0
ENSG00000208018	0	0	0	0	0	0
ENSG00000238320	0	0	0	0	0	0
ENSG00000221294	0	0	0	0	0	0
ENSG00000207611	6941	5589	193	22	1987	215
ENSG00000216042	0	0	0	0	0	0
ENSG00000207723	0	0	0	0	0	0
ENSG00000207558	223	245	2	0	214	66
ENSG00000207994	39332	5223	15227	10658	14902	7561
ENSG00000207751	264	215	108	85	364	191
ENSG00000252967	0	0	0	0	1	0
ENSG00000207926	13	1	0	0	0	34
ENSG00000222321	17	2	0	0	0	0
ENSG00000207954	376	72	1	17	6	7
ENSG00000221145	0	0	0	0	0	0
ENSG00000221754	7	0	2	9	2	0
ENSG00000207961	16	20	6	3	35	25
ENSG00000221421	0	0	0	0	1	0
ENSG00000207938	0	0	0	0	0	0
ENSG00000212101	0	0	0	0	1	1
ENSG00000207757	8525	3979	3576	2398	5145	2105
ENSG00000252168	0	0	0	0	0	0
ENSG00000238517	0	0	0	0	0	0
ENSG00000252196	1	0	0	0	0	0
ENSG00000238367	8	0	0	0	1	0
ENSG00000252318	0	1	0	0	0	0
ENSG00000198976	4	0	1	1526	44	6
ENSG00000208000	0	0	0	0	0	0
ENSG00000207550	58434	72538	13241	20596	15841	7167
ENSG00000239057	1	0	0	4	0	3
ENSG00000221704	0	0	0	0	0	0
ENSG00000221082	0	0	0	0	0	0
ENSG00000207623	1	1	0	21	4933	0
ENSG00000207812	0	0	0	0	5	0
ENSG00000207646	18	3	2	1	22	51
ENSG00000221525	6	2	1	0	143	5
ENSG00000238600	0	0	0	0	0	0
ENSG00000252111	0	0	0	0	0	0
ENSG00000251989	0	0	0	0	0	0
ENSG00000198997	99	193	31	101	316	20
ENSG00000211491	0	0	0	0	0	0
ENSG00000221203	53	11	22	5	10	33
ENSG00000215923	0	0	0	0	1	0
ENSG00000207625	351	371	0	2	0	0
ENSG00000221544	0	0	0	0	0	0
ENSG00000221286	1	2	0	0	1	2
ENSG00000221602	0	0	0	0	0	0
ENSG00000216070	0	0	0	0	1	0
ENSG00000199172	177	160	32	14	87	51
ENSG00000208037	1618	4734	395	384	4653	742
ENSG00000211562	1	0	0	0	0	0
ENSG00000207929	367	556	1013	599	1443	5536
ENSG00000221664	0	0	0	0	0	0
ENSG00000215993	0	0	0	0	0	0
ENSG00000207778	13	9	31	3	0	317
ENSG00000221288	0	0	0	0	0	0
ENSG00000215987	0	0	0	0	0	0
ENSG00000221383	0	0	0	0	0	0
ENSG00000221585	1	3	0	0	0	0
ENSG00000221344	0	0	0	0	0	0
ENSG00000221558	0	0	0	0	0	0
ENSG00000212099	0	0	1	0	0	0
ENSG00000207771	0	0	0	0	0	0
ENSG00000207573	0	0	0	0	0	0
ENSG00000207710	178	44	114	330	60	93
ENSG00000208002	0	0	2	0	0	3
ENSG00000207694	56	0	51023	67	0	223
ENSG00000239107	0	1	0	0	0	5
ENSG00000238424	0	0	0	0	0	1
ENSG00000221409	0	0	0	0	0	0
ENSG00000221322	0	0	0	0	0	0
ENSG00000238331	1	0	0	0	0	0
ENSG00000207607	25	8	7	2030	49	28
ENSG00000252381	0	0	0	0	0	0
ENSG00000212030	0	0	0	0	0	0
ENSG00000252855	0	0	0	0	0	0
ENSG00000221691	0	0	0	0	0	0
ENSG00000199020	966	1491	261	79	9165	976
ENSG00000222634	0	0	0	0	0	0
ENSG00000221051	0	1	0	0	0	0
ENSG00000212024	1	0	1	0	3	0
ENSG00000220994	0	0	0	0	0	0
ENSG00000252382	0	0	0	0	0	0
ENSG00000207819	96	10	4	0	0	2
ENSG00000221429	3	5	0	2	0	2
ENSG00000221485	0	0	0	0	0	0
ENSG00000207785	74	233	39	263	916	172
ENSG00000221654	0	0	0	0	0	0
ENSG00000215964	0	0	0	0	2	0
ENSG00000207610	8	1	34	29	412	215
ENSG00000221195	0	0	0	0	0	0
ENSG00000216194	0	0	0	0	0	0
ENSG00000238997	0	0	0	0	0	0
ENSG00000207797	81	123	5	39	45	36
ENSG00000222197	0	0	0	0	0	0
ENSG00000221423	0	0	0	0	0	0
ENSG00000212073	0	0	0	0	0	0
ENSG00000212082	0	0	0	0	0	0
ENSG00000211519	3	0	0	0	22	23
ENSG00000216095	81	58	1	0	4	8
ENSG00000221167	0	0	0	0	0	0
ENSG00000199053	392	352	36	27	132	55
ENSG00000211580	3550	703	82	86	708	365
ENSG00000207962	2	6	8	2	47	6
ENSG00000252120	0	0	0	0	0	0
ENSG00000253069	0	0	0	0	0	0
ENSG00000221802	3	1	0	0	0	2
ENSG00000207944	471	321	170	118	358	707
ENSG00000221463	6	0	8	6	57	53
ENSG00000207726	29	227	97	156	1075	234
ENSG00000221391	0	0	0	0	0	0
ENSG00000252610	0	0	0	0	0	2
ENSG00000221227	1	0	0	0	1	0
ENSG00000221557	0	0	0	0	0	0
ENSG00000252789	0	0	0	0	0	0
ENSG00000212038	0	0	0	0	0	0
ENSG00000238593	0	0	0	0	0	0
ENSG00000199092	385	138	11	1	8342	73
ENSG00000221349	111	42	21	93	510	36
ENSG00000221734	0	0	0	0	0	0
ENSG00000216049	0	0	0	0	0	0
ENSG00000207758	596	628	301	1736	2731	1089
ENSG00000202566	30	11	8	13	500	21
ENSG00000207832	0	0	0	0	0	0
ENSG00000207807	2448	879	216	139	30	205
ENSG00000207971	225	26	45	18	202	189
ENSG00000216136	0	0	0	0	0	0
ENSG00000221406	1	4	0	0	2	0
ENSG00000207691	146	57	99	974	1042	317
ENSG00000211538	49	54	8	136	148	161
ENSG00000221607	0	0	0	0	0	0
ENSG00000221088	0	0	0	0	0	0
ENSG00000212025	0	0	0	0	0	0
ENSG00000221183	0	0	0	0	0	1
ENSG00000222492	181	79	2	0	3	206
ENSG00000221147	0	0	0	0	0	0
ENSG00000252862	0	0	0	0	0	0
ENSG00000221788	12	0	0	1	3	0
ENSG00000199004	11308	967	39326	71705	107922	55920
ENSG00000221221	43	16	2	0	2	17
ENSG00000199104	15	16	0	0	0	0
ENSG00000207609	120	68	8	5	1	5
ENSG00000207863	2512	1943	509	249	167	533
ENSG00000221217	0	0	0	0	0	2
ENSG00000207934	196	322	37	8	1463	298
ENSG00000252344	0	0	0	0	0	0
ENSG00000207752	0	0	0	0	3	0
ENSG00000238921	2	0	1	0	0	0
ENSG00000212028	0	0	0	0	0	0
ENSG00000207787	1706	377	525	531	740	908
ENSG00000216171	3	2	0	3	3	1444
ENSG00000221540	88	28	1	3	13	4
ENSG00000207656	1	0	2	16	30	18
ENSG00000199133	10603	22592	6190	1539	707	5497
ENSG00000238757	0	0	0	0	0	0
ENSG00000207789	2	0	3	1	14	8
ENSG00000221247	0	0	0	0	0	0
ENSG00000208003	3	1	0	0	34	0
ENSG00000202609	97	1	0	0	0	1
ENSG00000221538	0	0	0	0	0	0
ENSG00000212100	1	0	0	0	0	0
ENSG00000199151	5	4	7	1	148	68
ENSG00000202569	20577	1626	3392	5919	3933	14551
ENSG00000211589	19674	3361	340	230	419	369
ENSG00000216088	0	0	0	0	0	0
ENSG00000216076	0	0	0	0	0	0
ENSG00000215998	497	37	0	1	0	42
ENSG00000221260	0	0	0	0	0	0
ENSG00000207608	7237	14486	593	502	27918	4896
ENSG00000207569	866	379	3	1	171	21
ENSG00000221067	45	4	0	40	4	14
ENSG00000221029	0	0	0	0	0	0
ENSG00000207596	23	83	9	571	39	19
ENSG00000216115	0	0	0	0	0	0
ENSG00000222719	0	0	0	0	0	0
ENSG00000207695	1284	797	39	735	271	380
ENSG00000238643	0	0	0	0	0	0
ENSG00000216112	0	0	2	0	0	0
ENSG00000221594	2	0	32	4	8	34
ENSG00000207704	0	0	0	0	0	0
ENSG00000252232	0	0	0	0	0	0
ENSG00000199080	0	1	1	0	0	0
ENSG00000208036	1116	883	1204	852	1693	1699
ENSG00000221194	0	0	0	0	0	0
ENSG00000221718	0	0	0	0	0	0
ENSG00000222167	0	1	0	0	0	0
ENSG00000252520	0	0	0	0	0	0
ENSG00000208012	2358	658	6207	2467	620	3315
ENSG00000221510	3	0	2	4	45	8
ENSG00000207818	0	0	0	0	0	0
ENSG00000239076	0	0	0	0	0	0
ENSG00000221422	5	0	0	0	0	0
ENSG00000221430	4	0	0	0	4	1
ENSG00000207925	1	0	0	0	359	34
ENSG00000221702	0	0	0	0	0	0
ENSG00000215948	0	0	0	0	0	0
ENSG00000207820	0	9	4	0	19	3
ENSG00000221613	0	0	0	0	0	0
ENSG00000221710	85	19	0	0	0	6
ENSG00000207928	7	1	1	2	0	0
ENSG00000238439	0	0	0	0	0	0
ENSG00000238617	1	0	0	0	0	4
ENSG00000221036	2	5	0	0	0	8
ENSG00000208011	3880	1507	52	85	281	144
ENSG00000199036	5	6	2	7	5	1
ENSG00000221138	0	0	0	0	0	0
ENSG00000238477	0	0	0	0	0	0
ENSG00000199094	448	681	223	1600	111	67
ENSG00000221578	0	0	0	0	0	0
ENSG00000221073	0	0	0	0	0	0
ENSG00000221593	0	0	0	0	0	0
ENSG00000215983	0	0	0	0	0	0
ENSG00000207779	159	237	196	164	736	768
ENSG00000212014	0	0	0	4	2	1915
ENSG00000238971	0	0	0	0	0	0
ENSG00000207730	52	9	27	4265	10	19
ENSG00000221266	0	0	0	0	0	0
ENSG00000216193	0	0	0	0	0	0
ENSG00000221416	0	0	0	0	0	0
ENSG00000207614	236	549	135	52	92	170
ENSG00000221810	0	0	0	0	0	0
ENSG00000221333	4	0	3	1	147	0
ENSG00000211575	480	198	0	0	0	43
ENSG00000221786	0	0	0	0	0	0
ENSG00000221390	1	1	0	0	0	2
ENSG00000238682	13	17	18	6	556	490
ENSG00000239192	4	0	0	0	0	0
ENSG00000199122	4581	4082	1745	2755	1886	1138
ENSG00000207970	10	2	49	268	3378	304
ENSG00000252229	0	0	0	0	0	0
ENSG00000207613	2374	1500	299	182	1765	136
ENSG00000221122	0	0	0	0	0	0
ENSG00000239179	0	0	0	0	0	0
ENSG00000238392	0	0	0	0	0	0
ENSG00000239048	0	0	0	0	0	0
ENSG00000211528	0	33	0	0	0	0
ENSG00000207788	0	0	0	0	4108	19
ENSG00000207725	1018	65	341	144	4328	96
ENSG00000207630	21	12	0	0	0	2
ENSG00000221552	10	8	6	1	9	9
ENSG00000221486	0	0	0	0	0	0
ENSG00000251948	1	0	0	0	0	0
ENSG00000207586	53	8	7	26	3	12
ENSG00000216135	132	329	0	0	0	3
ENSG00000207746	1	0	0	0	0	0
ENSG00000207748	37	16	6	2	2	5
ENSG00000238664	8	0	0	0	0	0
ENSG00000238742	33	54	2	3	9	15
ENSG00000221450	0	0	0	0	0	0
ENSG00000207717	2	0	1	0	113	5
ENSG00000221366	58	52	8	0	8	12
ENSG00000221025	120	19	1	0	0	0
ENSG00000207933	0	1	0	0	0	0
ENSG00000252924	0	0	0	0	0	0
ENSG00000207924	0	0	1	836	405	70
ENSG00000238621	0	0	0	0	0	0
ENSG00000221324	0	0	0	0	0	0
ENSG00000221706	0	0	0	0	0	0
ENSG00000207647	0	0	0	0	0	0
ENSG00000252788	0	0	0	0	0	0
ENSG00000216072	0	0	0	0	0	0
ENSG00000221338	0	0	0	0	0	0
ENSG00000238866	0	0	0	0	0	0
ENSG00000211537	71	135	0	1	1	100
ENSG00000211568	1	3	0	0	0	76
ENSG00000252150	0	0	0	0	0	0
ENSG00000207825	0	0	0	0	64	23
ENSG00000221238	0	0	0	0	0	0
ENSG00000215966	0	0	0	1	2	10
ENSG00000222190	0	0	0	0	8	0
ENSG00000238980	0	0	0	0	0	0
ENSG00000221723	0	0	0	0	0	0
ENSG00000211518	0	0	0	0	0	1
ENSG00000239196	0	0	0	0	0	0
ENSG00000216125	0	0	0	0	0	0
ENSG00000221365	0	1	0	0	0	0
ENSG00000221379	0	0	0	0	0	0
ENSG00000238362	0	0	0	0	0	0
ENSG00000252629	0	0	0	0	0	0
ENSG00000252219	0	0	0	0	0	2
ENSG00000240688	0	0	0	0	0	0
ENSG00000221536	0	0	0	0	0	0
ENSG00000207862	0	1	1	0	1997	93
ENSG00000238508	0	0	0	0	0	0
ENSG00000216166	0	0	0	0	0	0
ENSG00000252541	0	0	0	0	0	4
ENSG00000252570	0	0	0	0	0	0
ENSG00000207945	0	1	0	0	0	0
ENSG00000215976	0	0	0	0	0	0
ENSG00000221779	0	0	0	0	0	0
ENSG00000216105	0	1	0	0	0	0
ENSG00000252306	0	0	0	0	0	0
ENSG00000207571	0	0	0	5	9	6
ENSG00000216102	0	0	0	0	0	0
ENSG00000221369	0	0	0	0	0	0
ENSG00000216084	0	0	0	0	0	0
ENSG00000238347	0	0	0	0	0	0
ENSG00000238607	0	0	0	0	0	0
ENSG00000221604	0	0	0	0	0	0
ENSG00000221242	0	0	0	0	0	0
ENSG00000216127	0	0	0	0	0	0
ENSG00000207804	0	2	0	0	2	0
ENSG00000239163	0	1	0	0	0	0
ENSG00000221672	0	1	0	0	0	0
ENSG00000221404	0	0	0	0	0	0
ENSG00000221413	0	2	0	0	0	0
ENSG00000215973	0	1	0	0	0	0
ENSG00000221373	0	0	0	0	0	0
ENSG00000207636	0	1	0	0	1	0
ENSG00000221610	0	0	0	0	0	0
ENSG00000221444	0	0	0	0	0	0
ENSG00000221074	0	0	0	0	0	0
ENSG00000216131	0	1	0	0	0	0
ENSG00000239085	0	0	0	0	0	0
ENSG00000221792	0	0	0	0	0	1
ENSG00000252059	0	0	0	0	0	0
ENSG00000252907	0	0	0	0	0	1
ENSG00000238601	0	0	0	0	0	0
ENSG00000207974	0	0	0	0	0	0
ENSG00000216054	0	0	0	0	0	0
ENSG00000222602	0	0	0	0	0	0
ENSG00000207641	0	1	0	14	1	825
ENSG00000207652	0	1	0	0	0	0
ENSG00000207833	0	2	0	0	0	0
ENSG00000212102	0	0	0	0	79	3
ENSG00000221323	0	0	0	0	0	0
ENSG00000216116	0	0	0	0	0	0
ENSG00000221077	0	6	0	0	0	0
ENSG00000207802	0	1	0	0	0	0
ENSG00000253012	0	0	0	0	0	0
ENSG00000221465	0	0	0	0	0	0
ENSG00000221065	0	0	0	0	0	0
ENSG00000207728	0	1	0	0	0	31
ENSG00000222958	0	0	0	0	0	0
ENSG00000238705	0	0	0	0	0	0
ENSG00000221026	0	0	0	0	0	2
ENSG00000252471	0	0	0	0	0	0
ENSG00000221412	0	0	0	0	0	4
ENSG00000216011	0	0	1	0	0	2
ENSG00000221281	0	0	0	0	0	0
ENSG00000216005	0	3	0	0	0	12
ENSG00000216020	0	1	0	0	1	0
ENSG00000199095	0	0	4	0	526	71
ENSG00000221649	0	0	0	0	0	0
ENSG00000216109	0	0	0	0	0	0
ENSG00000221273	0	0	0	0	0	0
ENSG00000220996	0	0	0	0	0	0
ENSG00000211995	0	0	0	0	1	0
ENSG00000199145	0	0	5	0	0	0
ENSG00000221447	0	0	0	0	0	0
ENSG00000252177	0	0	0	0	0	0
ENSG00000221395	0	0	0	0	0	0
ENSG00000221170	0	0	0	0	1	1
ENSG00000210741	0	0	0	3	9	0
ENSG00000252324	0	0	0	0	0	0
ENSG00000238623	0	1	0	0	0	0
ENSG00000221121	0	0	0	0	0	3
ENSG00000207765	0	0	0	0	0	0
ENSG00000207838	0	0	0	0	3125	20
ENSG00000221235	0	0	0	0	0	0
ENSG00000207627	0	0	1	1	5	2
ENSG00000221428	0	0	0	0	0	0
ENSG00000199031	0	0	0	0	364	25
ENSG00000222526	0	0	0	0	0	0
ENSG00000221798	0	0	0	0	0	0
ENSG00000221299	0	0	0	0	0	0
ENSG00000221402	0	0	0	0	0	0
ENSG00000207645	0	0	0	0	0	0
ENSG00000221330	0	0	0	0	0	0
ENSG00000221553	0	0	0	0	0	0
ENSG00000207951	0	0	0	4	1957	18
ENSG00000215991	0	0	617	0	0	0
ENSG00000221556	0	0	0	0	0	0
ENSG00000221019	0	0	0	0	0	0
ENSG00000207799	0	0	0	0	744	8
ENSG00000221497	0	0	0	0	0	0
ENSG00000221371	0	0	1	0	0	0
ENSG00000221270	0	0	0	0	0	0
ENSG00000207837	0	0	0	0	0	0
ENSG00000221389	0	0	0	0	0	0
ENSG00000221262	0	0	0	0	0	0
ENSG00000212044	0	0	0	0	0	0
ENSG00000221372	0	0	0	0	0	0
ENSG00000216190	0	0	0	0	0	0
ENSG00000221589	0	0	0	0	0	0
ENSG00000221030	0	0	0	0	0	0
ENSG00000222391	0	0	0	0	0	0
ENSG00000221708	0	0	0	0	0	0
ENSG00000221069	0	0	0	0	0	0
ENSG00000207874	0	0	1	0	1	0
ENSG00000222290	0	0	0	0	0	2
ENSG00000252165	0	0	0	0	0	0
ENSG00000199143	0	0	2	1	683	71
ENSG00000207930	0	0	0	0	0	0
ENSG00000212085	0	0	0	0	0	0
ENSG00000221446	0	0	0	0	0	0
ENSG00000223322	0	0	0	0	1	0
ENSG00000222261	0	0	0	0	0	0
ENSG00000221617	0	0	0	0	0	0
ENSG00000216027	0	0	0	0	0	0
ENSG00000222117	0	0	0	0	0	0
ENSG00000221476	0	0	2	0	0	0
ENSG00000221494	0	0	0	0	0	0
ENSG00000221677	0	0	0	0	0	0
ENSG00000222101	0	0	0	0	0	0
ENSG00000221466	0	0	0	0	0	0
ENSG00000221591	0	0	0	0	0	0
ENSG00000221470	0	0	0	0	0	0
ENSG00000221112	0	0	0	0	0	0
ENSG00000221213	0	0	0	0	1	0
ENSG00000221534	0	0	0	0	0	0
ENSG00000212070	0	0	0	0	0	0
ENSG00000222717	0	0	0	0	0	0
ENSG00000215941	0	0	0	0	0	0
ENSG00000221794	0	0	0	0	0	0
ENSG00000221502	0	0	3	3	4	1
ENSG00000207594	0	0	0	0	4878	155
ENSG00000222749	0	0	0	0	0	0
ENSG00000238634	0	0	0	0	0	0
ENSG00000221467	0	0	0	0	0	0
ENSG00000216182	0	0	0	0	0	0
ENSG00000222133	0	0	1	0	0	0
ENSG00000222084	0	0	0	0	0	0
ENSG00000222158	0	0	0	0	0	0
ENSG00000221477	0	0	0	0	0	0
ENSG00000221089	0	0	0	0	0	0
ENSG00000211996	0	0	0	0	0	0
ENSG00000216045	0	0	0	0	0	0
ENSG00000221113	0	0	0	0	22	1
ENSG00000221481	0	0	0	0	0	0
ENSG00000221320	0	0	0	0	0	0
ENSG00000215972	0	0	0	0	0	0
ENSG00000221111	0	0	0	0	0	0
ENSG00000221165	0	0	0	0	2	0
ENSG00000212007	0	0	0	0	0	0
ENSG00000211577	0	0	0	1	0	0
ENSG00000221659	0	0	0	0	0	0
ENSG00000221374	0	0	0	0	0	0
ENSG00000216100	0	0	0	0	0	0
ENSG00000199102	0	0	2	0	0	0
ENSG00000221542	0	0	0	0	0	0
ENSG00000222683	0	0	0	0	0	0
ENSG00000222070	0	0	0	0	0	0
ENSG00000238743	0	0	0	0	0	0
ENSG00000252453	0	0	0	0	0	0
ENSG00000221696	0	0	0	0	0	0
ENSG00000222834	0	0	0	0	0	0
ENSG00000211502	0	0	6	18	285	36
ENSG00000221781	0	0	0	0	0	0
ENSG00000207861	0	0	0	0	14	0
ENSG00000212084	0	0	0	0	0	0
ENSG00000221550	0	0	0	0	0	0
ENSG00000207715	0	0	0	0	0	0
ENSG00000221359	0	0	0	0	0	0
ENSG00000216067	0	0	0	0	0	0
ENSG00000199169	0	0	3	0	0	0
ENSG00000221580	0	0	0	0	0	0
ENSG00000216047	0	0	0	0	0	0
ENSG00000207559	0	0	0	0	0	0
ENSG00000222798	0	0	0	0	0	0
ENSG00000199156	0	0	0	0	0	0
ENSG00000221189	0	0	0	0	0	0
ENSG00000221272	0	0	0	0	0	0
ENSG00000207952	0	0	1	0	10	4
ENSG00000221681	0	0	0	0	0	0
ENSG00000207734	0	0	0	0	1	0
ENSG00000221314	0	0	0	0	0	0
ENSG00000199157	0	0	35	0	1	0
ENSG00000221519	0	0	0	0	0	0
ENSG00000221541	0	0	0	0	0	0
ENSG00000221307	0	0	0	0	0	0
ENSG00000221495	0	0	0	0	0	0
ENSG00000221058	0	0	0	0	0	0
ENSG00000222299	0	0	0	0	0	0
ENSG00000221348	0	0	0	0	0	0
ENSG00000215999	0	0	0	0	0	0
ENSG00000223101	0	0	0	0	0	0
ENSG00000221644	0	0	0	0	0	0
ENSG00000222994	0	0	0	0	0	0
ENSG00000221017	0	0	0	0	12278	151
ENSG00000221721	0	0	0	0	0	0
ENSG00000221070	0	0	0	0	0	0
ENSG00000221211	0	0	0	0	0	0
ENSG00000216073	0	0	0	0	0	0
ENSG00000207587	0	0	0	0	0	8
ENSG00000221016	0	0	0	0	1	0
ENSG00000221179	0	0	0	0	0	0
ENSG00000221680	0	0	2	1	2	0
ENSG00000221766	0	0	1	0	0	0
ENSG00000222161	0	0	0	0	0	0
ENSG00000222196	0	0	0	0	0	0
ENSG00000221198	0	0	0	0	0	0
ENSG00000221530	0	0	0	0	0	0
ENSG00000216058	0	0	4	0	68	0
ENSG00000207644	0	0	0	0	0	0
ENSG00000221257	0	0	0	0	0	0
ENSG00000238911	0	0	0	0	0	0
ENSG00000212063	0	0	0	0	0	0
ENSG00000238586	0	0	0	0	0	0
ENSG00000223235	0	0	0	0	0	0
ENSG00000238460	0	0	0	0	0	0
ENSG00000221606	0	0	0	0	0	0
ENSG00000221655	0	0	0	0	0	0
ENSG00000221793	0	0	0	0	0	0
ENSG00000221180	0	0	0	0	0	2
ENSG00000216183	0	0	0	0	0	0
ENSG00000251808	0	0	0	0	0	0
ENSG00000207740	0	0	0	1	1	0
ENSG00000221004	0	0	0	0	0	0
ENSG00000207923	0	0	0	2	0	1
ENSG00000207873	0	0	0	0	0	1
ENSG00000221305	0	0	0	0	0	0
ENSG00000221251	0	0	0	1	0	0
ENSG00000221254	0	0	0	0	0	0
ENSG00000238823	0	0	0	0	0	0
ENSG00000252100	0	0	0	0	0	0
ENSG00000252007	0	0	0	0	0	0
ENSG00000211590	0	0	0	1	0	0
ENSG00000222109	0	0	0	0	0	0
ENSG00000216060	0	0	0	3	176	0
ENSG00000207719	0	0	0	0	0	0
ENSG00000221801	0	0	0	0	0	0
ENSG00000223149	0	0	0	0	0	0
ENSG00000221178	0	0	0	0	0	0
ENSG00000221567	0	0	0	0	0	0
ENSG00000216014	0	0	0	0	0	0
ENSG00000221657	0	0	0	0	0	0
ENSG00000207940	0	0	0	1	0	0
ENSG00000221301	0	0	0	0	0	0
ENSG00000221547	0	0	0	0	0	0
ENSG00000215921	0	0	0	0	0	0
ENSG00000221616	0	0	0	0	0	0
ENSG00000220989	0	0	0	0	0	0
ENSG00000221201	0	0	0	0	0	0
ENSG00000221269	0	0	0	0	0	0
ENSG00000251879	0	0	0	0	0	0
ENSG00000212022	0	0	0	0	0	0
ENSG00000222677	0	0	0	0	0	0
ENSG00000212053	0	0	0	0	0	0
ENSG00000221515	0	0	0	0	0	0
ENSG00000221537	0	0	0	0	0	0
ENSG00000221378	0	0	0	0	0	0
ENSG00000221187	0	0	0	0	0	0
ENSG00000238641	0	0	0	0	0	0
ENSG00000221192	0	0	0	0	0	0
ENSG00000222481	0	0	0	0	0	0
ENSG00000216075	0	0	0	1	0	3
ENSG00000207750	0	0	0	0	0	0
ENSG00000220999	0	0	0	0	0	0
ENSG00000221522	0	0	0	0	0	0
ENSG00000216017	0	0	0	0	0	0
ENSG00000221154	0	0	0	0	0	0
ENSG00000207871	0	0	0	0	1	318
ENSG00000207984	0	0	0	0	0	4
ENSG00000215968	0	0	0	0	0	0
ENSG00000221411	0	0	0	0	0	0
ENSG00000238323	0	0	0	0	0	0
ENSG00000221275	0	0	0	0	0	0
ENSG00000221683	0	0	0	0	0	0
ENSG00000221729	0	0	0	0	0	0
ENSG00000221731	0	0	0	0	0	0
ENSG00000221417	0	0	0	1	0	0
ENSG00000212055	0	0	0	0	0	0
ENSG00000239101	0	0	0	0	0	0
ENSG00000221313	0	0	0	0	0	0
ENSG00000221561	0	0	0	0	0	0
ENSG00000252869	0	0	0	1	0	0
ENSG00000212072	0	0	0	0	0	0
ENSG00000212031	0	0	0	0	0	0
ENSG00000221347	0	0	0	0	0	0
ENSG00000222096	0	0	0	0	0	0
ENSG00000207969	0	0	0	0	0	330
ENSG00000223029	0	0	0	0	0	0
ENSG00000220985	0	0	0	0	0	0
ENSG00000212045	0	0	0	0	0	4
ENSG00000221469	0	0	0	0	0	0
ENSG00000207549	0	0	0	0	0	0
ENSG00000251927	0	0	0	0	0	0
ENSG00000223063	0	0	0	0	0	0
ENSG00000207747	0	0	0	0	77	0
ENSG00000221516	0	0	0	0	0	4
ENSG00000239165	0	0	0	0	0	0
ENSG00000207629	0	0	0	0	12	5
ENSG00000211499	0	0	0	0	0	2
ENSG00000216205	0	0	0	0	0	0
ENSG00000221438	0	0	0	0	0	1
ENSG00000207699	0	0	0	0	220	4
ENSG00000221094	0	0	0	0	0	0
ENSG00000221650	0	0	0	0	0	2
ENSG00000222333	0	0	0	0	0	0
ENSG00000252896	0	0	0	0	0	0
ENSG00000252511	0	0	0	0	0	0
ENSG00000211495	0	0	0	0	0	1
ENSG00000207711	0	0	0	0	2531	11
ENSG00000208038	0	0	0	0	0	2
ENSG00000211535	0	0	0	0	0	1
ENSG00000207869	0	0	0	0	427	14
ENSG00000221050	0	0	0	0	0	0
ENSG00000221770	0	0	0	0	0	3
ENSG00000207979	0	0	0	0	10	0
ENSG00000251962	0	0	0	0	0	0
ENSG00000207583	0	0	0	0	0	1
ENSG00000239124	0	0	0	0	0	0
ENSG00000207738	0	0	0	0	25	139
ENSG00000221699	0	0	0	0	0	0
ENSG00000207616	0	0	0	0	0	0
ENSG00000223243	0	0	0	0	0	0
ENSG00000207580	0	0	0	0	5060	13
ENSG00000221443	0	0	0	0	0	0
ENSG00000221118	0	0	0	0	0	0
ENSG00000221279	0	0	0	0	0	0
ENSG00000238766	0	0	0	0	0	0
ENSG00000207553	0	0	0	0	7017	15
ENSG00000207803	0	0	0	0	0	0
ENSG00000221645	0	0	0	0	0	0
ENSG00000221560	0	0	0	0	0	0
ENSG00000221156	0	0	0	0	0	0
ENSG00000241000	0	0	0	0	0	1
ENSG00000223052	0	0	0	0	0	0
ENSG00000252841	0	0	0	0	0	1
ENSG00000222437	0	0	0	0	0	0
ENSG00000221354	0	0	0	0	0	0
ENSG00000207810	0	0	0	0	166	3
ENSG00000221503	0	0	0	0	0	0
ENSG00000211483	0	0	0	0	0	0
ENSG00000251710	0	0	0	0	0	0
ENSG00000221715	0	0	0	0	0	0
ENSG00000215925	0	0	0	0	0	0
ENSG00000221757	0	0	0	0	0	0
ENSG00000216064	0	0	0	0	0	5
ENSG00000221032	0	0	0	0	0	0
ENSG00000211532	0	0	0	0	0	0
ENSG00000207706	0	0	0	0	512	8
ENSG00000223059	0	0	0	0	0	0
ENSG00000252309	0	0	0	0	0	4
ENSG00000221130	0	0	0	0	0	0
ENSG00000252748	0	0	0	0	0	0
ENSG00000252308	0	0	0	0	0	0
ENSG00000221000	0	0	0	0	0	0
ENSG00000221249	0	0	0	0	0	0
ENSG00000221689	0	0	0	0	0	0
ENSG00000211526	0	0	0	0	0	0
ENSG00000252648	0	0	0	0	0	0
ENSG00000207555	0	0	0	0	216	217
ENSG00000221452	0	0	0	0	0	0
ENSG00000221425	0	0	0	0	0	1
ENSG00000221631	0	0	0	0	0	0
ENSG00000222408	0	0	0	0	0	0
ENSG00000207634	0	0	0	0	109	0
ENSG00000221212	0	0	0	0	0	0
ENSG00000211530	0	0	0	0	0	7
ENSG00000221795	0	0	0	0	0	0
ENSG00000221095	0	0	0	0	0	0
ENSG00000207977	0	0	0	0	3105	15
ENSG00000212064	0	0	0	0	0	0
ENSG00000238737	0	0	0	0	0	0
ENSG00000221789	0	0	0	0	0	0
ENSG00000223180	0	0	0	0	0	0
ENSG00000238836	0	0	0	0	0	0
ENSG00000252976	0	0	0	0	0	0
ENSG00000221474	0	0	0	0	0	0
ENSG00000207599	0	0	0	0	78	8
ENSG00000221256	0	0	0	0	0	0
ENSG00000238524	0	0	0	0	0	0
ENSG00000221141	0	0	0	0	0	6
ENSG00000243590	0	0	0	0	0	0
ENSG00000221358	0	0	0	0	0	0
ENSG00000238411	0	0	0	0	0	0
ENSG00000221442	0	0	0	0	0	1
ENSG00000207615	0	0	0	0	0	0
ENSG00000221437	0	0	0	0	0	1
ENSG00000239158	0	0	0	0	0	0
ENSG00000222894	0	0	0	0	0	1
ENSG00000221086	0	0	0	0	0	0
ENSG00000222298	0	0	0	0	0	0
ENSG00000253082	0	0	0	0	0	0
ENSG00000221079	0	0	0	0	0	0
ENSG00000222066	0	0	0	0	0	0
ENSG00000238870	0	0	0	0	0	4
ENSG00000251738	0	0	0	0	0	0
ENSG00000252694	0	0	0	0	0	0
ENSG00000221730	0	0	0	0	0	0
ENSG00000221690	0	0	0	0	0	1
ENSG00000252846	0	0	0	0	0	0
ENSG00000221523	0	0	0	0	0	0
ENSG00000222350	0	0	0	0	0	0
ENSG00000222939	0	0	0	0	0	0
ENSG00000221135	0	0	0	0	0	0
ENSG00000222831	0	0	0	0	0	0
ENSG00000222692	0	0	0	0	0	0
ENSG00000221665	0	0	0	0	0	0
ENSG00000251968	0	0	0	0	1	0
ENSG00000212075	0	0	0	0	0	0
ENSG00000221003	0	0	0	0	0	0
ENSG00000221264	0	0	0	0	0	0
ENSG00000238675	0	0	0	0	0	0
ENSG00000238726	0	0	0	0	0	0
ENSG00000207632	0	0	0	0	0	0
ENSG00000252974	0	0	0	0	1	0
ENSG00000223009	0	0	0	0	1	0
ENSG00000222339	0	0	0	0	0	0
ENSG00000223070	0	0	0	0	0	0
ENSG00000252455	0	0	0	0	0	0
ENSG00000211573	0	0	0	0	0	0
ENSG00000221310	0	0	0	0	0	0
ENSG00000252208	0	0	0	0	0	0
ENSG00000221506	0	0	0	0	0	0
ENSG00000216169	0	0	0	0	0	0
ENSG00000216085	0	0	0	0	0	0
ENSG00000221772	0	0	0	0	2	0
ENSG00000222805	0	0	0	0	0	0
ENSG00000223244	0	0	0	0	1	0
ENSG00000211524	0	0	0	0	0	0
ENSG00000223164	0	0	0	0	0	0
ENSG00000221679	0	0	0	0	1	0
ENSG00000212057	0	0	0	0	0	0
ENSG00000221778	0	0	0	0	0	0
ENSG00000221377	0	0	0	0	2	0
ENSG00000221140	0	0	0	0	0	0
ENSG00000239006	0	0	0	0	0	0
ENSG00000215979	0	0	0	0	0	0
ENSG00000222169	0	0	0	0	0	0
ENSG00000222226	0	0	0	0	0	0
ENSG00000221384	0	0	0	0	1	0
ENSG00000211510	0	0	0	0	0	0
ENSG00000223275	0	0	0	0	0	0
ENSG00000223286	0	0	0	0	1	0
ENSG00000222551	0	0	0	0	0	0
ENSG00000207858	0	0	0	0	0	0
ENSG00000221357	0	0	0	0	0	0
ENSG00000221220	0	0	0	0	0	0
ENSG00000215961	0	0	0	0	0	0
