Brain	Cerebellum	Heart	Kidney	Testis
ENSMODG00000026866	0	0	0	0	0
ENSMODG00000026291	1	0	0	0	47
ENSMODG00000022365	297	60	9	6	1903
ENSMODG00000026796	0	0	0	0	0
ENSMODG00000026681	6	7	0	0	2
ENSMODG00000025866	1023	3	124	5207	20
ENSMODG00000026411	0	0	0	0	0
ENSMODG00000026277	1	0	1	0	13
ENSMODG00000022411	1156	10	82	41	37
ENSMODG00000025888	1416	5072	654	296	49
ENSMODG00000026452	100	2	0	1556	2
ENSMODG00000026428	3	44	3	0	0
ENSMODG00000026836	0	0	0	0	2
ENSMODG00000025828	1890	45	237	88	81
ENSMODG00000025918	63151	9244	123110	83965	24182
ENSMODG00000026271	0	0	0	0	0
ENSMODG00000026398	1	0	0	0	0
ENSMODG00000026373	2167	16176	1127	2863	1961
ENSMODG00000025945	1	0	0	0	0
ENSMODG00000026430	0	0	0	0	0
ENSMODG00000026446	211	315	243	62	138
ENSMODG00000022425	2529	418	1671	959	2944
ENSMODG00000026665	0	0	0	0	0
ENSMODG00000025923	238	442	1178	394	158
ENSMODG00000022444	608	226	2355	296	908
ENSMODG00000027299	0	0	0	0	0
ENSMODG00000022429	2892	2173	5312	1459	1970
ENSMODG00000022479	426	5	78	17	21
ENSMODG00000022414	40	20	90	148	34
ENSMODG00000027084	0	0	0	0	0
ENSMODG00000026441	0	0	0	0	0
ENSMODG00000025952	470	0	1	675	2
ENSMODG00000026845	0	0	0	0	0
ENSMODG00000026257	0	0	0	0	0
ENSMODG00000025909	0	0	159	1	0
ENSMODG00000026772	0	0	1	0	26
ENSMODG00000027068	650	9	343	109	5189
ENSMODG00000025842	85	22	48	206	115
ENSMODG00000023005	781	7082	63	23	334
ENSMODG00000025812	0	0	0	0	0
ENSMODG00000022390	436	5868	30	14	60
ENSMODG00000025852	0	0	0	0	0
ENSMODG00000022436	244	760	12	0	3
ENSMODG00000025843	0	0	0	0	0
ENSMODG00000026295	0	0	0	0	0
ENSMODG00000025839	10	2	164	18	2931
ENSMODG00000022399	328	18	2	5	2
ENSMODG00000025896	1412	365	20	3	199
ENSMODG00000022426	1033	59	165	22	382
ENSMODG00000022467	74	41	1907	92446	27732
ENSMODG00000026228	9	1	18	5	311
ENSMODG00000026417	0	0	0	0	0
ENSMODG00000025835	44	0	1	1	2
ENSMODG00000025937	1808	103	1100	82	40
ENSMODG00000025992	373	181	370	187	92
ENSMODG00000025882	1721	49	7355	2751	809
ENSMODG00000025873	2252	347	20	5	1199
ENSMODG00000026943	0	0	0	0	0
ENSMODG00000026396	0	0	1	0	0
ENSMODG00000027273	226	31	77	34	77
ENSMODG00000025892	4032	98	6998	3126	2709
ENSMODG00000025809	1	1	0	0	0
ENSMODG00000027117	0	3	1	0	7
ENSMODG00000026424	280	9	0	0	0
ENSMODG00000025872	4148	7829	4576	599	390
ENSMODG00000026326	657	12	0	0	0
ENSMODG00000022461	1974	7	38	210	11
ENSMODG00000025885	9650	27	33604	1582	512
ENSMODG00000026748	0	0	0	0	0
ENSMODG00000022374	2	0	0	0	0
ENSMODG00000026340	0	0	0	0	0
ENSMODG00000025905	272	31766	24	47	328
ENSMODG00000026783	0	0	0	0	0
ENSMODG00000025949	1	0	0	0	1
ENSMODG00000025889	2	0	0	0	1
ENSMODG00000022455	3	0	0	0	0
ENSMODG00000025857	18948	1097	10367	5777	4266
ENSMODG00000025792	0	0	9	0	1
ENSMODG00000022420	1	0	812	1	0
ENSMODG00000025838	7	0	0	0	0
ENSMODG00000025877	57	8	21	2	30
ENSMODG00000026361	0	0	0	0	0
ENSMODG00000022440	57	0	89	25	5
ENSMODG00000026359	1936	3610	74	8	89
ENSMODG00000026232	3	0	0	0	0
ENSMODG00000025898	0	0	0	0	0
ENSMODG00000026372	777	964	2910	221	1487
ENSMODG00000025870	165052	56181	142778	409818	90039
ENSMODG00000026190	2	0	668	1	0
ENSMODG00000026381	0	2	0	0	0
ENSMODG00000026337	0	0	0	0	1
ENSMODG00000026293	1	0	0	0	0
ENSMODG00000022472	46516	247	303072	39635	9187
ENSMODG00000026432	0	0	0	0	0
ENSMODG00000027280	0	0	0	0	0
ENSMODG00000026324	0	0	0	0	0
ENSMODG00000026182	1	0	0	0	0
ENSMODG00000026426	14667	3	71	36	232
ENSMODG00000026384	0	0	0	0	0
ENSMODG00000026353	0	0	0	0	0
ENSMODG00000026513	1419	0	0	3	6
ENSMODG00000022395	32010	1	220	1	1
ENSMODG00000026300	0	0	0	0	0
ENSMODG00000025824	10616	215	208	13	144
ENSMODG00000025800	886	175	340	94	349
ENSMODG00000025881	1377	9	294	55	141
ENSMODG00000026198	0	0	0	0	0
ENSMODG00000025798	0	1	0	0	1
ENSMODG00000022383	1222	2	74	29	46
ENSMODG00000025938	177	0	0	0	0
ENSMODG00000026415	0	0	0	0	0
ENSMODG00000025891	32	3	70	27	54
ENSMODG00000026890	0	0	0	0	0
ENSMODG00000022465	30	104	0	0	0
ENSMODG00000025805	2	1	7	2	2
ENSMODG00000026256	0	0	0	0	0
ENSMODG00000026397	0	0	0	0	0
ENSMODG00000026843	0	0	0	0	0
ENSMODG00000022373	1	0	0	1	0
ENSMODG00000022380	534	0	23	1	0
ENSMODG00000027165	8	10	44	1	20
ENSMODG00000026393	26	118	62	2	8
ENSMODG00000026304	786	1416	0	0	0
ENSMODG00000022458	10264	27	41	93	29463
ENSMODG00000025863	0	0	0	0	0
ENSMODG00000027153	0	0	0	0	0
ENSMODG00000025902	42375	490873	42010	71708	20260
ENSMODG00000026327	0	0	0	0	0
ENSMODG00000025959	356	137	169	25	50
ENSMODG00000025910	251	13	53	14	17
ENSMODG00000026341	2	2	0	2	1
ENSMODG00000025827	3711	259	93	35	3
ENSMODG00000025794	308	4	0	0	0
ENSMODG00000027077	0	0	0	0	0
ENSMODG00000026215	0	0	0	0	0
ENSMODG00000025853	524	1309	699	244	957
ENSMODG00000025871	227	177	28	27	63
ENSMODG00000025867	8917	5870	8029	4431	4210
ENSMODG00000027131	0	0	0	0	0
ENSMODG00000026951	0	0	0	0	0
ENSMODG00000022366	304	0	66	36	40
ENSMODG00000025876	16	0	29	1	16
ENSMODG00000022387	59	14	3	3	1
ENSMODG00000022403	24	0	0	2	35
ENSMODG00000022975	0	0	5	0	0
ENSMODG00000027257	2	2	0	0	0
ENSMODG00000022412	104	34	99	14	40
ENSMODG00000025884	4985	19	17630	1791	380
ENSMODG00000026219	0	0	0	0	0
ENSMODG00000026814	167	0	11942	11	24
ENSMODG00000027290	0	0	0	0	0
ENSMODG00000025915	0	0	0	0	0
ENSMODG00000026279	2	1	0	0	0
ENSMODG00000025849	13	28	4	3	65
ENSMODG00000025802	0	0	0	0	0
ENSMODG00000025929	32	0	1	2	3
ENSMODG00000025911	2027	510	625	134	432
ENSMODG00000022442	12	0	4	1	1
ENSMODG00000026346	0	0	0	0	0
ENSMODG00000022372	43	0	3	4	15
ENSMODG00000022468	259091	4321	278836	175380	350506
ENSMODG00000022422	59750	2641	34000	18719	12155
ENSMODG00000026433	0	0	0	0	0
ENSMODG00000026594	4	9	0	1	0
ENSMODG00000025922	3	0	0	0	0
ENSMODG00000025939	0	1	7	35	8
ENSMODG00000026145	4	0	0	0	0
ENSMODG00000025936	84	37	87	2270	10
ENSMODG00000022393	16206	1040	1183	1139	1982
ENSMODG00000022446	7058	3588	324	27	554
ENSMODG00000027105	0	0	0	0	0
ENSMODG00000022404	2618	282	1260	530	382
ENSMODG00000025904	12270	37	2081	413	452
ENSMODG00000025908	1144	0	135	5812	23
ENSMODG00000025799	0	0	0	0	0
ENSMODG00000025868	85	311	398	172	293
ENSMODG00000025947	95	3	1	0	100
ENSMODG00000022384	0	0	0	16	0
ENSMODG00000022375	354	0	60	98	46
ENSMODG00000025815	471	1	44	41	11
ENSMODG00000022452	1584	197	198	213	64
ENSMODG00000022481	1237	2003	3818	289	277
ENSMODG00000022464	15163	156	35755	66009	28053
ENSMODG00000025833	0	0	0	0	0
ENSMODG00000022415	7	1	367	1	0
ENSMODG00000026805	0	0	3	0	0
ENSMODG00000022379	55526	155	1155	1617	513494
ENSMODG00000022430	151	108	186	105	67
ENSMODG00000026926	0	1	0	0	0
ENSMODG00000022480	8005	551	2966	779	1522
ENSMODG00000025932	2	0	0	0	0
ENSMODG00000026440	0	0	0	0	0
ENSMODG00000026283	0	0	0	0	0
ENSMODG00000025883	1	0	0	0	0
ENSMODG00000026438	453	1	1	70	2
ENSMODG00000026240	0	0	0	0	0
ENSMODG00000025879	42	37	121	4046	35
ENSMODG00000026179	0	0	0	0	0
ENSMODG00000026969	0	0	0	0	0
ENSMODG00000025901	66	0	28	1951	59
ENSMODG00000025925	1682	274	8	3	42
ENSMODG00000026348	0	0	0	0	0
ENSMODG00000022370	6	1	6	5	0
ENSMODG00000025956	517	3016	2246	1989	748
ENSMODG00000026342	0	0	0	0	0
ENSMODG00000025950	113	0	35	5	139
ENSMODG00000022433	8	34	5703	216395	17368
ENSMODG00000022434	2	0	0	0	0
ENSMODG00000026370	97474	397883	361	1634	8254
ENSMODG00000025819	50	28	81	38	146
ENSMODG00000026223	0	0	2	0	0
ENSMODG00000026318	0	0	0	0	0
ENSMODG00000022438	66	34	5	3	5
ENSMODG00000026259	0	0	0	0	0
ENSMODG00000025880	3175	81	2626	1266	943
ENSMODG00000027188	0	0	0	0	0
ENSMODG00000025841	5496	1062	12062	16961	8407
ENSMODG00000022400	26333	8009	63153	31098	92681
ENSMODG00000025916	1	0	2	0	0
ENSMODG00000026339	6330	29601	241	5621	1160
ENSMODG00000025875	3	0	2	0	2
ENSMODG00000026651	86	0	88	7	13
ENSMODG00000022371	3016	11254	17036	9613	6281
ENSMODG00000025854	0	0	0	0	0
ENSMODG00000025887	2158	431	1439	426	1168
ENSMODG00000026832	1	0	0	0	0
ENSMODG00000026267	0	0	0	0	0
ENSMODG00000025818	55	0	43	7	7
ENSMODG00000025894	1697	254	1499	742	568
ENSMODG00000025851	3	2	0	19	61
ENSMODG00000022409	200	18	38	6	6
ENSMODG00000026362	3245	7954	545	209	256
ENSMODG00000022368	59	71	2	9	6
ENSMODG00000025865	1	4	3	0	0
ENSMODG00000027012	0	0	0	0	0
ENSMODG00000026335	0	0	0	0	0
ENSMODG00000025878	1022	289	21	0	0
ENSMODG00000025946	3392	173	262	432	340
ENSMODG00000025924	207	2	25	7	20
ENSMODG00000022986	155	13	2	2	3
ENSMODG00000027157	0	0	2	0	0
ENSMODG00000026214	0	3	0	0	1
ENSMODG00000026205	0	0	0	0	0
ENSMODG00000022474	37	48	2	3	3
ENSMODG00000025830	282	352	10	2	1
ENSMODG00000027226	0	0	0	0	0
ENSMODG00000025912	0	0	0	0	0
ENSMODG00000026835	0	3	0	0	2
ENSMODG00000022424	48738	41352	34793	7025	32761
ENSMODG00000022382	472	134	847	232	621
ENSMODG00000025917	118	147	201	25	138
ENSMODG00000025907	2614	1070	1007	144	146
ENSMODG00000026248	0	0	0	0	0
ENSMODG00000022392	21	0	4	9	15
ENSMODG00000025933	41	0	1	2	10
ENSMODG00000027069	0	0	0	0	0
ENSMODG00000025903	11756	2617	14173	5675	1992
ENSMODG00000026177	3	3	0	0	0
ENSMODG00000027023	0	0	0	0	0
ENSMODG00000026329	0	0	0	0	0
ENSMODG00000022984	92	0	43	9	21
ENSMODG00000025951	0	0	0	102	50
ENSMODG00000022453	387	104	2	1	11
ENSMODG00000026994	0	0	0	0	0
ENSMODG00000026859	0	0	0	0	0
ENSMODG00000026395	1345	6469	16	5	20
ENSMODG00000025869	16433	352	15594	6046	3396
ENSMODG00000025886	92	1	32	12	23
ENSMODG00000026208	1234	3	3	0	57
ENSMODG00000025913	288	23	14	3	5
ENSMODG00000022410	22009	2341	26677	15991	3598
ENSMODG00000025900	10046	174	2211	1335	834
ENSMODG00000026273	2	0	1	0	0
ENSMODG00000023004	3	1	29	2	409
ENSMODG00000025793	0	0	0	0	0
ENSMODG00000026312	809	7110	493	167	120
ENSMODG00000025844	2	4	0	1	0
ENSMODG00000026302	0	0	0	0	0
ENSMODG00000027019	0	0	0	0	0
ENSMODG00000022478	11824	931	97	19	7
ENSMODG00000027141	0	0	0	0	0
ENSMODG00000025811	14	0	2	4	5
ENSMODG00000027093	0	0	0	0	0
ENSMODG00000025940	486	8	228	48	259
ENSMODG00000025893	35	0	0	0	2679
ENSMODG00000026371	0	0	0	0	0
ENSMODG00000022378	88773	66636	25350	363	828
ENSMODG00000025840	0	0	0	0	0
ENSMODG00000022396	5440	4298	644	0	4
ENSMODG00000026425	0	0	0	0	0
ENSMODG00000026766	0	0	0	0	0
ENSMODG00000022475	688	348	1785	893	474
ENSMODG00000025836	518	17	212	52	353
ENSMODG00000026181	0	0	0	0	0
ENSMODG00000022364	349	6	387	195	391
ENSMODG00000025899	36	72	22	12	23
ENSMODG00000026759	0	0	0	0	0
ENSMODG00000025897	228	753	328	213	193
ENSMODG00000026429	0	0	0	0	0
ENSMODG00000026234	2	0	0	0	0
ENSMODG00000025957	3	0	1	3	8
ENSMODG00000027265	0	0	0	0	0
ENSMODG00000025837	5606	64564	1270	32	22
ENSMODG00000022401	59	0	2	0	1
ENSMODG00000025859	14426	130	928	130	100
ENSMODG00000022469	320	4	12	4	356
ENSMODG00000022398	6295	245	732	86	56
ENSMODG00000022441	69	5	32	4	6
ENSMODG00000022471	441	2	385	27	137
ENSMODG00000025921	5082	1	300	532	429
ENSMODG00000026412	865	10865	249	37	78
ENSMODG00000022443	4	2	0	1	0
ENSMODG00000025906	575	432	3086	429	504
ENSMODG00000026175	0	0	0	0	0
ENSMODG00000026427	0	0	1	0	0
ENSMODG00000026858	0	0	0	0	3
ENSMODG00000026333	0	0	0	0	0
ENSMODG00000026390	0	0	0	0	0
ENSMODG00000026285	0	0	0	0	0
ENSMODG00000026172	0	0	8	0	0
ENSMODG00000026407	0	0	0	0	0
ENSMODG00000027054	0	0	0	0	0
ENSMODG00000027076	0	0	0	0	0
ENSMODG00000026354	0	0	0	0	0
ENSMODG00000026206	0	0	0	0	0
ENSMODG00000026292	0	0	0	0	0
ENSMODG00000026207	0	0	0	0	0
ENSMODG00000026249	0	0	0	0	0
ENSMODG00000026380	0	0	0	0	0
ENSMODG00000026247	0	0	0	0	0
ENSMODG00000026197	0	0	0	0	0
ENSMODG00000026196	0	0	0	0	0
ENSMODG00000026423	0	1	0	0	0
ENSMODG00000026193	0	0	0	0	0
ENSMODG00000026323	0	0	0	0	0
ENSMODG00000026568	0	1	0	0	0
ENSMODG00000026180	0	0	0	0	0
ENSMODG00000026670	0	1	0	0	0
ENSMODG00000027122	0	0	2	0	0
ENSMODG00000026368	0	0	0	0	0
ENSMODG00000026751	0	0	2	0	0
ENSMODG00000026325	0	0	0	0	0
ENSMODG00000026356	0	0	0	0	0
ENSMODG00000027027	0	0	0	0	0
ENSMODG00000026405	0	0	0	0	0
ENSMODG00000026702	0	0	0	0	0
ENSMODG00000026230	0	0	0	0	0
ENSMODG00000026597	0	0	1	0	0
ENSMODG00000025861	0	0	98	0	0
ENSMODG00000026763	0	0	0	0	0
ENSMODG00000025817	0	0	0	0	0
ENSMODG00000025858	0	0	0	0	0
ENSMODG00000026261	0	0	0	0	0
ENSMODG00000026211	0	0	2	0	0
ENSMODG00000026444	0	0	1	0	0
ENSMODG00000026310	0	0	4	0	0
ENSMODG00000026535	0	0	1	0	0
ENSMODG00000026301	0	0	1	0	0
ENSMODG00000026226	0	0	0	0	0
ENSMODG00000026781	0	0	0	0	2
ENSMODG00000025928	0	0	0	0	0
ENSMODG00000025803	0	0	0	0	0
ENSMODG00000026212	0	0	2	0	0
ENSMODG00000026309	0	0	0	0	0
ENSMODG00000025808	0	0	0	0	0
ENSMODG00000025856	0	0	0	0	0
ENSMODG00000026221	0	0	0	0	0
ENSMODG00000026217	0	0	0	0	0
ENSMODG00000025814	0	0	2	51	0
ENSMODG00000026336	0	0	0	0	0
ENSMODG00000026303	0	0	0	0	0
ENSMODG00000025895	0	0	0	1	0
ENSMODG00000026641	0	0	0	1	3
ENSMODG00000025816	0	0	0	0	0
ENSMODG00000026400	0	0	0	0	0
ENSMODG00000025874	0	0	0	0	1
ENSMODG00000026186	0	0	0	0	1
ENSMODG00000026744	0	0	0	0	1
ENSMODG00000026949	0	0	0	0	0
ENSMODG00000027185	0	0	0	0	2
