Brain_Indiv1	Cerebellum_Indiv1	Heart_Indiv1	Kidney_Indiv1	Testis_Indiv1	Placenta_Indiv1
ENSG00000221733	5	4	0	0	0	1
ENSG00000199072	1149	768	1666	1930	488	144
ENSG00000238660	0	0	0	0	0	0
ENSG00000221035	1735	5031	8923	2195	527	79237
ENSG00000221072	1	0	0	0	0	0
ENSG00000212013	0	0	0	0	0	0
ENSG00000221052	22	12	3	5	9	1
ENSG00000238638	0	0	0	0	0	0
ENSG00000207942	438	209	330	241	1065	45968
ENSG00000212032	0	0	0	0	0	0
ENSG00000252004	9	1	14	109	14	36
ENSG00000207744	75	131	9736	665798	77036	222802
ENSG00000207562	6530	1738	2603	1370	119220	2409
ENSG00000212066	0	0	0	0	0	0
ENSG00000221244	0	0	0	0	0	0
ENSG00000221146	0	0	0	0	0	0
ENSG00000207857	0	0	0	0	0	0
ENSG00000207988	33	27	73	65	37	206
ENSG00000211574	107	73	0	0	1	57
ENSG00000222326	2	0	1	0	5	0
ENSG00000221028	3	7	5	0	0	1
ENSG00000207795	677	297	883	1564	380	1230
ENSG00000199066	5150	2352	50	81	24	482
ENSG00000216036	0	0	0	0	0	0
ENSG00000221753	230	84	5	3	35	5
ENSG00000221724	1	0	3	4	1	9
ENSG00000222954	0	0	0	0	0	0
ENSG00000212104	0	0	0	0	0	0
ENSG00000252493	0	0	0	0	0	0
ENSG00000252445	0	0	1	0	0	0
ENSG00000199165	358	410	396	128	63	68
ENSG00000221448	0	0	0	0	2	0
ENSG00000207964	1604	504	1272	487	253	44
ENSG00000221623	0	0	0	0	0	0
ENSG00000221091	0	0	0	0	0	0
ENSG00000252142	0	0	0	0	0	0
ENSG00000207754	461	659	19	6	70	1912
ENSG00000199038	145	264	144	251	76	1001
ENSG00000244180	0	0	0	0	0	0
ENSG00000238512	0	0	0	0	0	0
ENSG00000221618	0	0	0	0	0	0
ENSG00000199051	2130	2500	807	557	340	1697
ENSG00000198983	3	11	5	1	1152	45
ENSG00000207968	459	84	337	589	106	5176
ENSG00000251912	0	0	0	0	0	0
ENSG00000212037	0	0	0	0	0	0
ENSG00000216164	0	0	0	0	0	0
ENSG00000241601	0	0	0	0	0	0
ENSG00000199089	1	2	37	0	25011	18
ENSG00000208028	8	5	15	5	3	46
ENSG00000199058	4	7	518	1	4	0
ENSG00000238919	0	0	0	0	0	0
ENSG00000202641	276	987	156	74	39	766
ENSG00000252801	0	0	0	0	0	0
ENSG00000207808	2914	287	17814	12748	2683	89106
ENSG00000222219	0	0	0	0	0	0
ENSG00000221745	12	1	0	0	3	306
ENSG00000207585	3610	2393	703	648	116	525
ENSG00000207570	1	0	0	0	0	0
ENSG00000207736	1	0	0	1	0	0
ENSG00000239109	7	8	1	1	8	6
ENSG00000221162	0	0	0	0	0	0
ENSG00000222715	23	162	0	1	0	0
ENSG00000207753	225	188	10176	2134	299	3140
ENSG00000207631	1	1	0	2	4	42
ENSG00000222766	0	0	0	0	0	0
ENSG00000252773	2	0	0	2	0	0
ENSG00000221628	0	0	0	0	0	0
ENSG00000221674	0	0	0	0	0	0
ENSG00000207720	2	0	0	0	0	0
ENSG00000207950	65	22	17	11	68	94
ENSG00000221782	0	0	0	0	0	0
ENSG00000211582	256	110	6	4	34	335
ENSG00000221355	10	4	1	3	0	1
ENSG00000221454	4	4	0	0	2	0
ENSG00000208014	5	1	20	331	28	102
ENSG00000207868	0	0	0	0	35	1
ENSG00000207745	1619	696	3003	4097	1632	2252
ENSG00000221774	7	50	0	0	0	1
ENSG00000212098	0	0	0	0	0	0
ENSG00000208004	7	8	0	0	2	3
ENSG00000207712	31	5	222	62	29	37
ENSG00000221263	0	0	0	0	0	3
ENSG00000207978	27	35	16	11	35	372
ENSG00000221008	0	0	0	0	0	0
ENSG00000252454	2	1	1	4	26	117
ENSG00000252695	42	19	3	2	0	5
ENSG00000207800	633	57	23	62	21	30
ENSG00000221415	0	0	0	0	0	0
ENSG00000221327	0	0	0	0	0	0
ENSG00000221568	0	0	2	0	0	0
ENSG00000216173	12	4	0	0	3	0
ENSG00000207560	2	0	6	2	4	5
ENSG00000207620	0	0	0	0	0	1
ENSG00000207816	198	26	0	0	0	0
ENSG00000207982	0	0	2	3	3	27
ENSG00000211137	176	4	1045	1848	227	162
ENSG00000207703	88	96	9	1	3	1
ENSG00000208023	2023	991	1814	1092	346	211
ENSG00000221595	0	0	0	0	0	0
ENSG00000221656	8	41	2	0	0	0
ENSG00000207764	0	0	27	0	0	0
ENSG00000208007	30	57	60	577	172	202
ENSG00000252664	0	0	0	0	0	0
ENSG00000223079	0	0	0	0	0	0
ENSG00000216037	0	0	0	0	0	0
ENSG00000221185	0	0	0	0	0	0
ENSG00000221280	0	0	0	0	0	0
ENSG00000199023	723	765	511	252	363	506
ENSG00000221191	0	0	0	0	0	1
ENSG00000252153	3	0	0	0	0	2
ENSG00000199097	208	10	540	9256	23342	26610
ENSG00000211591	2	0	0	1	0	0
ENSG00000208024	3	0	127	107	33	54
ENSG00000221445	294	251	12	35	14	85
ENSG00000221520	10	6	12	6	8	11
ENSG00000252216	1	0	0	0	0	0
ENSG00000223123	0	0	0	0	0	0
ENSG00000222532	11	10	12	58	4	24
ENSG00000215924	0	0	0	0	0	0
ENSG00000221563	2	2	0	60	8	1
ENSG00000238828	656	178	371	238	95	103
ENSG00000199047	56352	102071	2882489	884134	22325	15540
ENSG00000207582	823	500	4117	4883	1755	55733
ENSG00000216004	1	0	0	0	0	0
ENSG00000208022	14	137	42	38	2	8
ENSG00000221755	0	0	0	0	0	0
ENSG00000252197	0	0	0	0	0	0
ENSG00000211581	13	16	4	2	2	2
ENSG00000222466	5	2	0	0	0	0
ENSG00000207749	273	403	42	15	196	944
ENSG00000202601	550	11	75	837	35	452
ENSG00000221289	0	0	0	0	0	0
ENSG00000212089	0	0	0	0	0	0
ENSG00000222899	0	0	0	0	0	0
ENSG00000221479	31	2	1	47	1	2
ENSG00000207935	232	2075	23	1384	232	435
ENSG00000207696	46	34	22	44	2	17
ENSG00000239150	0	0	0	0	0	0
ENSG00000252949	0	0	0	0	0	0
ENSG00000221062	198	180	17	57	12	0
ENSG00000221548	0	0	0	0	1	4477
ENSG00000238667	0	0	0	0	0	0
ENSG00000222080	36	11	2	3	5	2
ENSG00000252160	0	0	0	0	0	0
ENSG00000220978	0	0	0	0	0	0
ENSG00000221267	4	0	0	0	2	0
ENSG00000251910	3	0	0	0	0	0
ENSG00000207567	290	23	4059	2330	2113	18413
ENSG00000211521	26	71	10	1	34	148
ENSG00000223030	0	0	0	0	0	0
ENSG00000207805	8	8	41	20	39	1439
ENSG00000208005	7	1	6	84	148	131
ENSG00000221397	0	0	0	0	0	0
ENSG00000207584	9	2	56	16261	12	3340
ENSG00000211563	24724	5164	787	1602	150	719
ENSG00000221760	9	4	20	17	1	19
ENSG00000221471	0	0	0	0	0	0
ENSG00000207743	87	55	19	6	64	396
ENSG00000215996	0	0	0	1	0	0
ENSG00000251713	0	0	0	0	0	0
ENSG00000207603	46	64	14	20	34	20
ENSG00000221424	0	0	0	0	0	0
ENSG00000199135	30	20	175	270	59	133
ENSG00000216141	0	0	0	0	0	0
ENSG00000221382	0	1	0	3	0	1
ENSG00000221181	0	0	0	0	0	0
ENSG00000211543	0	0	0	0	0	0
ENSG00000211566	0	0	0	0	0	0
ENSG00000207958	2148	8	82	5	8	0
ENSG00000222518	0	0	0	0	0	0
ENSG00000199065	384	117	1465	9058	3034	490
ENSG00000212114	0	0	0	1	0	0
ENSG00000216197	0	0	0	0	0	0
ENSG00000207639	797	126	488	152	337	2650
ENSG00000221037	0	0	0	0	0	0
ENSG00000221159	18	12	1	0	6	0
ENSG00000207798	31	2	1	121	75	35
ENSG00000221634	29	16	4	7	6	2
ENSG00000252528	0	0	0	0	0	0
ENSG00000221464	126	67	62	39	15	11
ENSG00000251855	0	0	0	0	0	0
ENSG00000207953	349	119	26	21	14	21
ENSG00000221287	0	0	0	0	0	0
ENSG00000216184	0	0	0	0	0	0
ENSG00000215939	233	431	6	8	60	304
ENSG00000207600	52563	90843	4707	7867	218	68
ENSG00000207794	6361	1361	134743	90722	12787	114851
ENSG00000199088	33801	24948	1878	2918	13573	158
ENSG00000221331	8	8	27	8	6	20
ENSG00000221751	0	0	0	0	0	0
ENSG00000211556	0	0	0	0	0	0
ENSG00000216013	0	0	0	0	0	0
ENSG00000207735	2	2	0	0	4	13040
ENSG00000216179	89	73	0	1	6	16
ENSG00000216195	0	0	0	0	0	0
ENSG00000221403	0	1	0	0	0	0
ENSG00000207756	2	0	5	9	3	22
ENSG00000222494	0	0	0	0	0	0
ENSG00000207990	617	210	1334	14996	1139	29851
ENSG00000252276	0	0	0	0	0	0
ENSG00000221744	0	0	0	0	0	0
ENSG00000199001	16	1	0	0	0	0
ENSG00000198982	459	144	14	19	74	63
ENSG00000207546	0	0	0	0	0	0
ENSG00000221271	0	0	0	0	0	0
ENSG00000221336	0	0	0	0	0	0
ENSG00000199180	78	14	183	123	169	161
ENSG00000207702	1	1	0	0	0	18
ENSG00000252731	0	0	0	0	0	0
ENSG00000199187	31	14	28	12	3	22
ENSG00000199012	63	7	1	6	3	224
ENSG00000222110	0	0	0	0	0	0
ENSG00000207692	82	1	1	19	7	4
ENSG00000221175	0	0	0	0	0	0
ENSG00000221441	0	0	0	0	0	0
ENSG00000207598	3	1	0	0	0	0
ENSG00000207729	1	0	11	13	1	2
ENSG00000238303	1	0	0	0	0	0
ENSG00000221027	0	0	0	0	0	0
ENSG00000221767	3800	2154	3051	6620	279	4417
ENSG00000221808	1	0	1	3	0	6
ENSG00000199059	9	188	5	136	92	488
ENSG00000221250	0	0	0	0	0	0
ENSG00000222121	0	0	0	0	0	0
ENSG00000221517	0	0	0	0	0	0
ENSG00000216009	15470	10115	319	625	186	500
ENSG00000199071	7225	16968	4486	3528	2080	9967
ENSG00000208013	1918	1005	1608	785	111	483
ENSG00000199130	57	12	49	10	18	43
ENSG00000216093	0	0	0	0	0	0
ENSG00000207628	8	0	78	31	44	87
ENSG00000221521	4	0	0	0	0	0
ENSG00000207965	152	116	122	267	144	453
ENSG00000223109	1	1	0	1	0	2
ENSG00000207650	1	0	10	5	4	4
ENSG00000221555	29	41	1	0	4	6
ENSG00000251826	0	0	0	0	0	0
ENSG00000199158	7	2	8	184	54	166
ENSG00000239867	1	0	0	0	0	0
ENSG00000207617	148	69	299	141	17	42
ENSG00000251765	0	0	0	0	0	1
ENSG00000207590	16	5	678	1551	1400	39
ENSG00000212051	0	0	0	0	0	0
ENSG00000207763	2	0	0	0	0	0
ENSG00000208033	2	0	0	1	0	0
ENSG00000212061	0	0	0	0	0	0
ENSG00000252304	3	0	0	0	0	0
ENSG00000212065	0	0	0	0	0	0
ENSG00000222234	2	2	0	0	2	0
ENSG00000212093	0	0	0	1	0	0
ENSG00000216022	0	0	0	0	0	0
ENSG00000199107	984	2018	107	93	257	4441
ENSG00000222071	1	0	0	0	0	1
ENSG00000198973	299	179	15	268	108	432
ENSG00000222548	0	0	0	0	0	0
ENSG00000221426	1	0	0	0	0	0
ENSG00000207866	0	0	0	0	0	0
ENSG00000221063	923	2033	30	13	50	399
ENSG00000207980	2796	862	17444	6636	5230	15606
ENSG00000221726	0	0	0	0	0	0
ENSG00000221202	0	0	0	0	0	0
ENSG00000239160	0	0	0	0	0	0
ENSG00000207949	9	16	280	256	978	770
ENSG00000207698	77	1	602	1550	442	999
ENSG00000215946	0	0	0	0	0	0
ENSG00000198987	2	1	104	84	90	430
ENSG00000221737	0	0	0	0	0	0
ENSG00000221173	0	0	0	0	0	0
ENSG00000216191	1	0	0	0	0	0
ENSG00000211534	8	0	0	0	0	1
ENSG00000238993	0	0	0	0	0	0
ENSG00000252547	1	0	0	0	0	0
ENSG00000222570	0	0	0	0	0	1
ENSG00000253008	120	102	96	74	6	30
ENSG00000220990	0	0	0	0	0	0
ENSG00000252488	0	0	0	0	0	0
ENSG00000221671	19	24	1	2	4	3
ENSG00000199025	312	57	240	43	338	2698
ENSG00000212001	0	0	0	0	0	0
ENSG00000207773	9	5	14	1	4	2
ENSG00000252584	5	18	24	13	11	0
ENSG00000222833	0	0	0	0	0	0
ENSG00000223231	0	0	0	0	0	0
ENSG00000215938	22	11	8	7	57	53
ENSG00000252176	0	0	0	0	0	0
ENSG00000251856	1	10	0	2	30	22
ENSG00000221184	20	10	1	5	3	4
ENSG00000221717	0	0	0	0	4	0
ENSG00000207761	0	0	0	0	0	0
ENSG00000207793	5490	5580	57	32	229	4461
ENSG00000221621	0	0	0	0	0	0
ENSG00000238794	5	4	1	0	8	1
ENSG00000207633	123	130	53	45	19	48
ENSG00000216154	1	0	0	0	0	0
ENSG00000215930	23	1	5	9	4	13
ENSG00000216157	0	0	0	0	0	0
ENSG00000216056	26	123	0	43	213	1
ENSG00000221686	0	0	0	0	0	0
ENSG00000221763	1	0	0	0	0	1
ENSG00000207556	1	0	0	1	0	2
ENSG00000207809	8543	487	637	669	116	96
ENSG00000199005	5967	4877	121	30	54	447
ENSG00000221132	135	372	2	5	31	11
ENSG00000199149	1769	447	8733	7359	2582	1586
ENSG00000211513	12	2	1	0	2	1
ENSG00000221641	14	13	10	12	49	10
ENSG00000222647	0	0	0	0	0	0
ENSG00000207922	3	4	0	3	1	0
ENSG00000252286	1	0	2	1	3	0
ENSG00000207895	199	156	7	1	137	9
ENSG00000199177	217	877	42	64	400	2041
ENSG00000194717	84	61	27	1	422	166
ENSG00000207581	4	2	921	151	201	7125
ENSG00000207619	66	97	1	110	4	5
ENSG00000238574	3	2	0	0	1	0
ENSG00000216204	0	0	0	0	0	0
ENSG00000207782	524	409	1240	126	188	161
ENSG00000221482	0	0	0	0	0	0
ENSG00000221291	0	2	0	0	0	0
ENSG00000252940	2	1	1	0	1	2
ENSG00000199030	634439	913192	165686	55994	87499	4690
ENSG00000221296	2	8	2	0	3	0
ENSG00000199082	3089	4964	1234	804	153	1971
ENSG00000207651	2981	3442	12011	11783	1982	9325
ENSG00000221328	0	0	0	0	0	0
ENSG00000238916	149	45	271	105	38	77
ENSG00000221386	113	29	1	3	19	1
ENSG00000207742	8164	7038	571	197	421	827
ENSG00000252851	11	28	1	0	4	0
ENSG00000239118	0	0	0	0	0	0
ENSG00000239060	0	0	0	0	0	0
ENSG00000216077	302	96	225	58	50	222
ENSG00000207846	0	0	0	0	0	0
ENSG00000207767	0	0	0	0	0	0
ENSG00000207987	0	0	0	0	17	6017
ENSG00000211997	1416	269	227	1533	284	72
ENSG00000252666	0	0	0	0	0	0
ENSG00000207589	103	86	41	7647	82699	152
ENSG00000221104	4	0	0	5	2	16
ENSG00000207701	16	15	0	3	0	0
ENSG00000251782	0	0	0	0	0	0
ENSG00000208017	94528	82172	85809	140766	13529	11512
ENSG00000208001	820	818	1	0	11	7988
ENSG00000216119	0	0	0	0	0	0
ENSG00000221473	1	0	0	1	0	0
ENSG00000238728	0	0	0	0	0	0
ENSG00000211506	111	52	0	0	0	74
ENSG00000216144	0	0	0	0	0	0
ENSG00000221597	0	0	0	0	0	0
ENSG00000252492	1	0	0	2	1	0
ENSG00000238448	1	0	0	0	0	0
ENSG00000221566	1	1	1	1	0	1
ENSG00000207727	4	1	0	0	0	0
ENSG00000211520	16	12	4	46	32	0
ENSG00000199060	3697	1010	30558	6079	4079	512843
ENSG00000199153	97665	117511	67136	304259	6608	253243
ENSG00000207775	0	0	0	0	0	0
ENSG00000221169	2	0	0	0	0	3
ENSG00000252340	45	34	3	8	21	4
ENSG00000208006	7	1	29	18	21	75
ENSG00000207638	8748	7708	20863	11634	5191	1110
ENSG00000253030	3	3	4	3	1	6
ENSG00000216133	4	3	2	0	0	1
ENSG00000207714	5243	710	225	14	36	7670
ENSG00000207993	11191	5631	239	339	1244	417
ENSG00000221393	0	0	0	0	0	0
ENSG00000223207	0	0	0	0	0	0
ENSG00000221075	0	0	0	0	0	0
ENSG00000252270	2	8	9	5	4	2
ENSG00000221573	0	0	0	0	0	0
ENSG00000207937	0	0	0	0	0	0
ENSG00000212039	0	0	0	0	0	0
ENSG00000221625	11	3	0	0	5	0
ENSG00000207622	16	25	1	1	7	1
ENSG00000221419	89	41	163	20	14	110
ENSG00000198974	27945	8616	135681	173104	16507	37894
ENSG00000221499	0	0	1	32	0	0
ENSG00000221084	8	6	0	0	2	0
ENSG00000222631	0	0	0	0	0	0
ENSG00000207806	8	1	0	0	10	2079
ENSG00000222730	0	0	0	0	0	0
ENSG00000208032	12	3	4	8	3	0
ENSG00000252939	0	0	0	0	0	0
ENSG00000207966	1465	296	5051	3385	968	2853
ENSG00000199077	3018	3892	8	73	436	0
ENSG00000208009	729	549	3210	5637	3095	23881
ENSG00000216181	0	0	0	0	0	0
ENSG00000221011	0	0	0	0	0	0
ENSG00000221096	86	40	6	2	10	0
ENSG00000207981	1	0	0	0	28	11529
ENSG00000221334	0	0	0	0	0	0
ENSG00000207986	1	0	0	0	0	0
ENSG00000252583	1	0	0	56	1608	0
ENSG00000222643	0	0	0	0	0	0
ENSG00000252938	0	0	0	0	0	0
ENSG00000211578	133	78	27	15	61	28
ENSG00000238573	0	0	0	0	0	0
ENSG00000221492	4	166	0	0	1	1
ENSG00000198986	11309	11403	2895	2276	675	750
ENSG00000199032	3023	2753	1547	2299	991	3108
ENSG00000221110	0	0	0	0	0	2
ENSG00000211987	0	0	0	0	0	0
ENSG00000251701	0	0	0	0	0	0
ENSG00000215945	0	0	0	0	0	0
ENSG00000216055	0	0	0	0	0	0
ENSG00000221053	0	0	0	0	0	0
ENSG00000212029	0	0	0	0	0	0
ENSG00000212049	0	0	0	0	0	0
ENSG00000215937	0	0	0	0	0	0
ENSG00000221064	1	1	2	3	3	0
ENSG00000207973	480	461	56	100	20	192
ENSG00000207707	13	9	3	14	4	12
ENSG00000207737	251	200	43	67	16	595
ENSG00000211991	6	0	25	10	1	3
ENSG00000221762	0	0	1	0	1	8
ENSG00000221427	0	2	0	0	0	0
ENSG00000207989	181	235	190	201	632	16685
ENSG00000220998	0	0	0	0	0	0
ENSG00000212086	0	0	0	0	0	0
ENSG00000207755	1	0	0	3	4	69
ENSG00000252737	0	0	0	0	0	0
ENSG00000222586	0	0	0	0	0	0
ENSG00000252573	0	0	0	0	0	0
ENSG00000240779	0	0	0	0	0	0
ENSG00000207621	20	16	644	85	18	4196
ENSG00000207948	1555	1865	60	136	27	22
ENSG00000238346	2775	2005	475	205	252	225
ENSG00000221233	1	0	0	0	0	0
ENSG00000221230	8	2	3	1	0	31
ENSG00000221193	0	1	0	0	0	0
ENSG00000207739	54	189	1	1	0	0
ENSG00000252997	0	0	0	0	0	0
ENSG00000207776	4	0	0	2	1	5
ENSG00000251832	0	0	0	0	0	0
ENSG00000211983	0	0	0	0	0	0
ENSG00000202560	255	230	9	15	62	1055
ENSG00000216002	0	0	0	0	0	0
ENSG00000211515	0	0	0	0	0	0
ENSG00000221133	56	6	12	25	53	1124
ENSG00000221736	0	0	0	0	0	0
ENSG00000208035	205580	49376	1799752	2525839	1084403	1558394
ENSG00000221619	0	0	0	0	0	0
ENSG00000221401	0	0	0	0	0	0
ENSG00000223036	0	0	0	0	1	0
ENSG00000198972	34829	53263	15644	8632	3977	14660
ENSG00000207602	121	60	91	503	38	79
ENSG00000212094	0	0	0	0	0	0
ENSG00000221570	0	0	0	0	0	0
ENSG00000221698	0	0	0	0	0	0
ENSG00000221039	6	12	0	0	0	1
ENSG00000251862	39	9	2	1	1	5
ENSG00000199161	24114	2952	300840	99331	12240	95062
ENSG00000221311	0	0	0	0	0	0
ENSG00000221436	0	0	0	0	0	0
ENSG00000223200	1	0	0	0	0	0
ENSG00000216114	1	0	0	0	1	0
ENSG00000207605	14445	16735	19717	17905	6428	201787
ENSG00000207705	321	611	0	3	36	0
ENSG00000252194	0	0	0	0	0	0
ENSG00000238442	0	0	0	0	0	0
ENSG00000212091	0	0	0	0	0	0
ENSG00000222309	2	1	0	0	1	0
ENSG00000199109	1185	396	633	473	2892	30872
ENSG00000221265	22	0	26	21	8	7
ENSG00000216001	25	2	61	889	320	2436
ENSG00000212034	0	0	0	0	0	0
ENSG00000221302	0	0	0	0	0	0
ENSG00000252095	0	0	0	0	0	0
ENSG00000207741	14	0	184	56	65	419
ENSG00000221434	0	0	0	0	0	0
ENSG00000208015	38	102	45	476	68	235
ENSG00000238648	4	5	0	1	1	55
ENSG00000221747	0	0	0	0	0	0
ENSG00000207762	0	0	0	0	0	0
ENSG00000216099	1030	245	51	105	378	3783
ENSG00000207595	2295	3517	1263	1444	77	6268
ENSG00000207781	365	231	31	28	121	2628
ENSG00000221785	0	0	0	0	0	0
ENSG00000207992	6	1	1	0	13	369
ENSG00000222851	0	0	0	0	0	0
ENSG00000199043	451	27	668	388	393	20793
ENSG00000238826	1	0	0	0	0	0
ENSG00000208008	34973	108717	17685	13919	3165	25454
ENSG00000221685	0	0	0	0	0	0
ENSG00000252092	10	13	0	0	5	2
ENSG00000221163	16	10	2	2	4	1
ENSG00000216090	9	2	0	3	1	18
ENSG00000221002	0	0	0	0	0	0
ENSG00000221669	0	0	8	2	2	6
ENSG00000207649	258	71	0	37	2	2
ENSG00000198975	368	478	143	101	53	54
ENSG00000221292	0	0	0	0	0	0
ENSG00000207956	7	5	7	1	2	7
ENSG00000207731	8	11	5	788	9694	1
ENSG00000199015	65	92	32	15	119	930
ENSG00000252708	0	0	0	5	0	0
ENSG00000208016	0	0	1	0	21	892
ENSG00000199024	38	41	10	27	14	214
ENSG00000199085	1329	367	34844	58861	8388	88558
ENSG00000207959	10	3	1	2	31	219
ENSG00000211558	1	0	0	0	0	0
ENSG00000216015	0	0	0	0	0	0
ENSG00000207713	258	278	62	20356	32	2618
ENSG00000221714	0	0	0	0	0	0
ENSG00000207568	1401	301	229	3654	96	3674
ENSG00000221243	0	0	0	0	0	0
ENSG00000239174	0	0	0	0	0	0
ENSG00000207936	3721	1436	4263	6960	2455	1730
ENSG00000221214	5	0	27	27	12	68
ENSG00000207867	0	0	0	0	0	0
ENSG00000207875	1449693	2726128	190780	108856	100891	7843
ENSG00000221581	0	0	0	0	0	0
ENSG00000211583	432	56	0	0	36	654
ENSG00000238937	0	0	0	0	0	0
ENSG00000252830	0	0	0	0	0	0
ENSG00000238518	0	0	0	0	0	1
ENSG00000207654	1229	1222	27	55	16	77
ENSG00000215920	0	0	0	0	0	0
ENSG00000238644	0	0	0	0	0	0
ENSG00000198995	4313	715	997	773	616	6395
ENSG00000215942	0	0	0	0	0	0
ENSG00000207786	0	0	7	0	0	0
ENSG00000198984	99	125	108	84	49	225
ENSG00000215958	0	0	0	0	0	0
ENSG00000207784	156	6	567	10508	2456	8317
ENSG00000207957	0	0	0	0	0	0
ENSG00000212110	0	0	0	0	0	0
ENSG00000207996	10	2	29	42	64	3134
ENSG00000207708	5	5	25	6619	22	125589
ENSG00000252044	2	1	3	0	3	2
ENSG00000223010	1	0	1	0	0	0
ENSG00000207597	220	97	516	2	2	72
ENSG00000207864	60649	27640	99938	88474	6438	495841
ENSG00000207563	12881	8221	26794	12998	2708	9387
ENSG00000221218	1	0	2	1	1	3
ENSG00000207721	3928	2898	10667	7549	2168	40006
ENSG00000252875	0	0	0	0	0	0
ENSG00000211984	0	0	0	0	0	0
ENSG00000207700	695	191	5131	2427	2715	4218
ENSG00000207946	3	0	3	0	49	112677
ENSG00000238532	0	0	0	0	0	0
ENSG00000221662	2	0	0	0	1	1
ENSG00000222943	0	0	0	0	0	0
ENSG00000221317	0	0	0	0	0	0
ENSG00000199075	3	0	5	1	3	10
ENSG00000215944	0	0	0	0	0	0
ENSG00000221335	0	0	0	0	0	0
ENSG00000207624	1	1	4	5	19	7
ENSG00000207548	38	10	39	825	95	7
ENSG00000211514	109	45	349	387	71	1761
ENSG00000208027	405	401	9	8	42	369
ENSG00000252567	209	53	19	81	44	46
ENSG00000207688	0	0	0	0	0	0
ENSG00000199150	71899	104832	73301	55893	30687	17302
ENSG00000221688	12	11	0	1	1	4
ENSG00000207985	0	0	0	0	0	0
ENSG00000221119	0	0	0	0	0	0
ENSG00000199035	4	6	3	5	1	6
ENSG00000221240	97	115	2	0	3	0
ENSG00000252330	0	0	0	0	0	0
ENSG00000207870	5346	681	4604	2989	330	38754
ENSG00000222884	0	0	0	0	0	0
ENSG00000221351	0	0	0	0	0	0
ENSG00000221394	21	23	1	1	0	0
ENSG00000207791	311	1181	620	674	803	1329
ENSG00000199069	565	511	5	1	22	691
ENSG00000221545	1	1	2	4	7	6
ENSG00000221598	593	31	1	7	2	1
ENSG00000221579	0	0	0	0	0	0
ENSG00000215933	0	0	0	0	0	1
ENSG00000208010	0	0	0	0	0	0
ENSG00000215954	0	0	0	0	0	0
ENSG00000222696	3	3	0	0	0	0
ENSG00000216097	1	0	0	0	0	0
ENSG00000251725	13	39	12	5	2	24
ENSG00000212040	79	83	8	3	30	395
ENSG00000252781	0	0	0	0	0	0
ENSG00000222316	0	0	0	0	0	0
ENSG00000199132	1	0	1	8	12	6
ENSG00000252466	2	3	0	0	0	32
ENSG00000216089	0	0	0	0	0	0
ENSG00000207947	1769	641	15008	10048	2080	919
ENSG00000222061	1	0	0	0	0	0
ENSG00000207759	2102	463	364	535	101	4304
ENSG00000215984	0	0	0	0	0	0
ENSG00000207939	93	29	129	53	68	2969
ENSG00000221684	0	0	0	0	0	0
ENSG00000199168	2008	13	8227	19707	2783	5096
ENSG00000207635	30	12	7335	28	25	30
ENSG00000221136	1	0	1	1	0	1
ENSG00000199121	3438	1407	10580	13725	7014	134435
ENSG00000239070	0	0	0	0	0	0
ENSG00000222732	0	0	0	0	0	0
ENSG00000221697	20	13	18	48	13	339
ENSG00000220993	0	0	0	0	0	0
ENSG00000221204	0	0	0	0	0	0
ENSG00000221258	0	0	0	0	0	0
ENSG00000207941	12	2	1	4	9	1
ENSG00000207792	31651	16794	18272	47067	6881	44225
ENSG00000207572	1477	702	1277	6100	126	3257
ENSG00000207618	1602	73	45013	32345	4251	19573
ENSG00000221176	1	0	0	0	0	0
ENSG00000215934	0	0	0	0	0	0
ENSG00000199179	10369	44688	8438	4442	3444	23992
ENSG00000221098	0	0	2	0	2	0
ENSG00000207648	1972	2102	2921	671615	1918	21145
ENSG00000207777	149	215	24561	545009	3463	55269
ENSG00000221120	2356	5100	6	0	23	1
ENSG00000207932	201	52	173	253	205	67
ENSG00000238340	0	0	0	0	1	0
ENSG00000207827	100935	47978	254106	3033216	15242	354381
ENSG00000221493	5	21	3	8	1	0
ENSG00000221630	73	17	80	15	6	1
ENSG00000222311	0	0	0	0	0	0
ENSG00000212036	0	0	0	0	0	0
ENSG00000207732	13	7	21	33	3	70
ENSG00000221599	0	0	0	0	0	0
ENSG00000207839	128	23	49	8	14	140
ENSG00000207724	3446	1142	242	108	134	225
ENSG00000207718	1005	772	2288	3499	688	6885
ENSG00000207811	27	16	8	3	466	115
ENSG00000222085	1	0	0	0	0	0
ENSG00000252248	1	1	0	3	0	0
ENSG00000209707	29	5	517	81	36	647
ENSG00000221081	0	0	0	0	0	0
ENSG00000222079	0	0	0	0	0	5
ENSG00000252181	0	0	0	0	1	0
ENSG00000207955	116045	20920	7	0	0	6
ENSG00000199090	27	94	5	5	4	20
ENSG00000221759	0	0	0	0	0	0
ENSG00000223214	0	0	0	0	0	0
ENSG00000207547	1683	2180	4079	4170	1018	18336
ENSG00000207604	184	19627	283	833	12	0
ENSG00000220984	8	10	0	2	5	0
ENSG00000239117	0	0	0	0	0	0
ENSG00000207927	31	110	584	4	1	0
ENSG00000239113	0	0	0	0	0	0
ENSG00000215926	0	0	0	0	0	0
ENSG00000221614	0	1	0	0	1	37
ENSG00000216132	0	0	0	0	0	0
ENSG00000252331	0	0	0	0	1	1
ENSG00000220982	0	0	0	0	0	0
ENSG00000215953	0	0	0	0	0	0
ENSG00000212027	539	117	1044	1687	752	1380
ENSG00000207709	3061	3949	1025	302	193	168
ENSG00000198981	23175	5793	23235	33710	7458	15814
ENSG00000207689	0	0	0	0	0	0
ENSG00000221720	0	0	0	0	0	0
ENSG00000216162	0	0	0	0	0	0
ENSG00000252500	0	0	0	0	0	0
ENSG00000215977	0	0	0	0	0	0
ENSG00000207960	4	0	2	0	4	0
ENSG00000212111	0	0	0	0	0	0
ENSG00000221511	0	0	0	0	26	0
ENSG00000252632	2	1	2	0	0	0
ENSG00000221343	0	0	0	0	0	0
ENSG00000252375	0	0	0	0	0	0
ENSG00000238335	0	0	0	0	0	0
ENSG00000221236	1	0	0	0	0	0
ENSG00000212071	0	0	0	0	0	0
ENSG00000211517	880	242	468	138	153	345
ENSG00000221316	0	0	0	0	0	0
ENSG00000221608	0	0	0	1	0	2
ENSG00000216098	2	7	0	1	0	0
ENSG00000207931	2004	35	5	180	10	9
ENSG00000207975	87	8	13	31	5	29
ENSG00000215943	1	3	0	1	1	0
ENSG00000222235	10	2	0	1	3	0
ENSG00000221431	0	0	0	0	0	0
ENSG00000221055	0	0	0	1	0	0
ENSG00000221692	2	0	0	0	0	0
ENSG00000207790	561	581	293	286	37	47
ENSG00000207865	156	200	60	114	452	500
ENSG00000216206	0	0	0	0	0	0
ENSG00000207722	0	0	0	0	0	0
ENSG00000221352	0	0	0	0	0	0
ENSG00000221219	2	0	0	0	0	0
ENSG00000216150	0	0	0	0	0	0
ENSG00000221488	0	0	0	0	0	0
ENSG00000199017	2	0	3762	12	9	0
ENSG00000252741	0	0	1	0	1	0
ENSG00000211525	0	0	0	0	0	0
ENSG00000199127	670	1658	4	3	101	0
ENSG00000221661	0	0	0	0	0	0
ENSG00000221177	0	0	0	0	0	0
ENSG00000221041	0	0	0	1	0	0
ENSG00000207976	4	0	0	2	1	7
ENSG00000216113	0	0	0	0	0	0
ENSG00000221559	3	0	0	0	0	0
ENSG00000207768	1	10	5	93	17	118
ENSG00000252345	1	1	1	0	0	2
ENSG00000208034	56	10	21	36	4	259
ENSG00000221131	0	0	0	0	0	0
ENSG00000220995	0	0	0	0	0	0
ENSG00000216101	320	178	25	25	32	82
ENSG00000243151	0	0	0	0	0	0
ENSG00000251966	0	0	0	0	0	0
ENSG00000251903	0	0	0	0	0	0
ENSG00000208018	1	0	0	0	0	0
ENSG00000238320	0	0	0	0	0	0
ENSG00000221294	0	0	0	0	0	0
ENSG00000207611	13340	14289	677	98	190	6352
ENSG00000216042	3	0	0	0	0	0
ENSG00000207723	0	0	0	0	0	0
ENSG00000207558	411	650	9	8	60	674
ENSG00000207994	75669	13281	54647	56359	7425	46045
ENSG00000207751	500	522	363	467	194	1170
ENSG00000252967	2	0	0	0	0	3
ENSG00000207926	17	1	4	2	36	0
ENSG00000222321	32	6	0	0	0	0
ENSG00000207954	659	156	9	104	8	22
ENSG00000221145	0	0	0	0	0	0
ENSG00000221754	6	1	2	33	0	2
ENSG00000207961	34	51	14	21	22	83
ENSG00000221421	0	0	0	0	0	4
ENSG00000207938	0	0	0	0	0	0
ENSG00000212101	0	0	0	0	2	1
ENSG00000207757	16399	10004	12761	13008	2092	16409
ENSG00000252168	0	0	0	0	0	0
ENSG00000238517	0	0	0	0	0	0
ENSG00000252196	1	0	0	0	0	0
ENSG00000238367	23	3	0	0	0	2
ENSG00000252318	0	1	0	0	0	0
ENSG00000198976	11	1	15	7779	4	119
ENSG00000208000	0	0	0	0	0	0
ENSG00000207550	111043	184849	46943	109098	7109	48763
ENSG00000239057	2	1	0	12	5	0
ENSG00000221704	0	0	0	0	0	0
ENSG00000221082	0	0	0	0	0	0
ENSG00000207623	2	2	1	119	0	15335
ENSG00000207812	0	0	0	1	0	12
ENSG00000207646	27	11	8	8	45	75
ENSG00000221525	5	9	1	0	7	476
ENSG00000238600	0	0	0	0	0	0
ENSG00000252111	0	1	0	0	0	0
ENSG00000251989	0	0	0	0	0	0
ENSG00000198997	187	561	111	463	16	1048
ENSG00000211491	0	0	0	0	0	0
ENSG00000221203	84	31	52	79	42	31
ENSG00000215923	0	0	0	0	0	1
ENSG00000207625	669	941	0	9	0	0
ENSG00000221544	1	0	0	0	0	0
ENSG00000221286	10	3	0	3	4	4
ENSG00000221602	0	0	0	0	0	0
ENSG00000216070	0	0	0	0	0	2
ENSG00000199172	350	396	114	77	51	273
ENSG00000208037	2932	12033	1425	1858	791	14372
ENSG00000211562	2	0	0	1	0	5
ENSG00000207929	663	1444	3657	3174	5578	4360
ENSG00000221664	0	0	0	0	0	0
ENSG00000215993	0	0	0	0	0	0
ENSG00000207778	29	16	109	12	336	0
ENSG00000221288	0	0	0	0	0	0
ENSG00000215987	0	0	0	0	0	0
ENSG00000221383	0	0	0	0	0	0
ENSG00000221585	7	4	0	0	0	0
ENSG00000221344	1	1	0	0	0	0
ENSG00000221558	0	0	0	0	0	0
ENSG00000212099	0	0	1	0	0	0
ENSG00000207771	0	0	0	0	0	0
ENSG00000207573	0	0	0	0	0	0
ENSG00000207710	352	157	386	1766	79	234
ENSG00000208002	1	0	4	6	1	0
ENSG00000207694	102	4	183473	370	211	0
ENSG00000239107	4	1	0	3	3	0
ENSG00000238424	2	0	0	0	1	0
ENSG00000221409	0	0	0	0	0	0
ENSG00000221322	0	0	0	0	0	0
ENSG00000238331	1	0	0	0	0	0
ENSG00000207607	41	10	29	10996	32	147
ENSG00000252381	0	0	0	0	0	0
ENSG00000212030	0	0	0	0	0	0
ENSG00000252855	0	0	0	0	0	0
ENSG00000221691	0	0	0	0	0	0
ENSG00000199020	1922	3678	819	531	1045	27837
ENSG00000222634	0	0	0	0	0	0
ENSG00000221051	1	2	0	0	0	0
ENSG00000212024	2	1	2	0	1	9
ENSG00000220994	0	0	0	0	0	0
ENSG00000252382	0	0	0	0	0	0
ENSG00000207819	192	30	5	10	3	0
ENSG00000221429	4	8	2	1	4	1
ENSG00000221485	0	0	0	0	0	0
ENSG00000207785	163	536	135	1484	188	2709
ENSG00000221654	0	0	0	0	0	0
ENSG00000215964	0	0	0	0	0	1
ENSG00000207610	8	1	101	101	221	1303
ENSG00000221195	0	0	0	0	0	0
ENSG00000216194	0	0	0	0	0	0
ENSG00000238997	0	0	0	0	0	0
ENSG00000207797	156	260	26	270	41	114
ENSG00000222197	0	0	0	0	0	0
ENSG00000221423	0	0	0	0	0	0
ENSG00000212073	0	0	0	0	0	0
ENSG00000212082	0	0	0	0	0	0
ENSG00000211519	6	0	1	1	22	49
ENSG00000216095	171	174	3	2	6	19
ENSG00000221167	2	1	0	1	0	0
ENSG00000199053	760	806	116	154	60	387
ENSG00000211580	6881	1857	298	491	387	2121
ENSG00000207962	11	24	33	16	8	164
ENSG00000252120	0	0	0	0	0	0
ENSG00000253069	1	0	0	0	0	0
ENSG00000221802	2	3	0	0	1	0
ENSG00000207944	974	779	614	642	687	1092
ENSG00000221463	10	0	34	39	52	153
ENSG00000207726	47	617	340	886	239	3257
ENSG00000221391	0	0	0	0	0	1
ENSG00000252610	0	0	0	0	3	1
ENSG00000221227	5	0	4	0	0	14
ENSG00000221557	0	0	0	0	0	0
ENSG00000252789	0	0	0	0	0	0
ENSG00000212038	0	0	0	0	0	0
ENSG00000238593	0	0	0	0	0	0
ENSG00000199092	731	340	23	15	68	25754
ENSG00000221349	224	104	58	415	39	1539
ENSG00000221734	0	0	0	0	0	0
ENSG00000216049	0	0	0	0	0	0
ENSG00000207758	1103	1520	927	9326	1078	8669
ENSG00000202566	72	39	40	66	27	1447
ENSG00000207832	1	0	0	0	0	0
ENSG00000207807	4692	2252	802	708	202	118
ENSG00000207971	419	69	131	89	172	609
ENSG00000216136	0	0	0	0	0	0
ENSG00000221406	1	8	1	1	0	10
ENSG00000207691	293	150	371	4972	310	3127
ENSG00000211538	98	145	70	663	155	403
ENSG00000221607	0	0	0	0	0	0
ENSG00000221088	0	0	0	0	0	0
ENSG00000212025	0	0	0	0	0	0
ENSG00000221183	0	0	0	0	1	1
ENSG00000222492	380	182	8	15	231	4
ENSG00000221147	0	0	0	0	0	0
ENSG00000252862	0	0	0	0	0	0
ENSG00000221788	16	0	0	3	0	12
ENSG00000199004	21729	2623	140718	380025	56144	331752
ENSG00000221221	78	35	6	1	27	6
ENSG00000199104	40	30	0	0	2	0
ENSG00000207609	227	159	38	15	12	4
ENSG00000207863	4833	4877	1797	1272	519	490
ENSG00000221217	0	0	0	0	2	1
ENSG00000207934	372	794	141	73	300	4377
ENSG00000252344	0	0	0	0	0	0
ENSG00000207752	0	0	1	0	0	1
ENSG00000238921	3	1	1	0	0	0
ENSG00000212028	0	0	0	0	0	0
ENSG00000207787	3309	943	1786	2582	966	2292
ENSG00000216171	7	1	0	11	1426	8
ENSG00000221540	181	96	4	20	7	53
ENSG00000207656	3	0	11	99	18	143
ENSG00000199133	20190	58095	22083	8482	5534	2194
ENSG00000238757	1	2	0	0	0	0
ENSG00000207789	1	0	5	7	8	41
ENSG00000221247	0	0	0	0	0	0
ENSG00000208003	7	8	0	0	1	108
ENSG00000202609	168	13	3	1	2	1
ENSG00000221538	0	0	0	0	0	0
ENSG00000212100	1	0	0	0	0	0
ENSG00000199151	11	10	17	6	77	444
ENSG00000202569	39666	4276	12069	31425	14706	12067
ENSG00000211589	37593	8471	1156	1209	336	1377
ENSG00000216088	0	0	0	0	0	0
ENSG00000216076	1	0	0	0	0	0
ENSG00000215998	933	103	10	1	36	1
ENSG00000221260	0	0	0	0	0	0
ENSG00000207608	13984	37284	2035	2651	4821	86367
ENSG00000207569	1603	1114	17	12	21	505
ENSG00000221067	77	13	3	161	16	10
ENSG00000221029	0	0	0	0	0	1
ENSG00000207596	44	178	26	3128	19	120
ENSG00000216115	0	0	0	0	0	0
ENSG00000222719	0	0	0	0	0	0
ENSG00000207695	2330	2073	95	3903	337	897
ENSG00000238643	1	0	0	0	0	0
ENSG00000216112	2	1	5	0	0	0
ENSG00000221594	3	2	110	39	32	35
ENSG00000207704	0	0	0	0	0	1
ENSG00000252232	0	0	0	0	0	0
ENSG00000199080	1	1	5	0	0	0
ENSG00000208036	2180	2350	4350	4322	1699	5105
ENSG00000221194	0	0	0	0	0	0
ENSG00000221718	1	1	1	0	0	1
ENSG00000222167	4	6	0	0	0	0
ENSG00000252520	0	0	0	0	0	0
ENSG00000208012	4471	1599	22053	12485	3408	1910
ENSG00000221510	12	5	12	9	8	165
ENSG00000207818	0	0	0	0	0	0
ENSG00000239076	0	0	0	0	0	0
ENSG00000221422	2	0	0	1	0	3
ENSG00000221430	4	1	0	1	2	19
ENSG00000207925	1	1	1	0	44	1121
ENSG00000221702	0	0	0	0	0	0
ENSG00000215948	0	0	0	0	0	0
ENSG00000207820	4	20	9	2	3	65
ENSG00000221613	0	0	0	0	0	0
ENSG00000221710	211	48	0	4	5	2
ENSG00000207928	5	5	1	1	0	1
ENSG00000238439	0	0	0	0	0	0
ENSG00000238617	3	0	1	0	4	0
ENSG00000221036	4	19	2	3	5	0
ENSG00000208011	7359	3953	183	394	153	839
ENSG00000199036	15	16	8	18	4	20
ENSG00000221138	0	0	0	0	0	0
ENSG00000238477	0	0	0	0	0	0
ENSG00000199094	919	1666	790	8592	69	403
ENSG00000221578	0	0	0	0	0	0
ENSG00000221073	0	0	0	0	0	0
ENSG00000221593	0	0	0	0	0	0
ENSG00000215983	0	0	0	0	0	0
ENSG00000207779	343	574	737	825	754	2206
ENSG00000212014	0	1	1	21	1960	5
ENSG00000238971	0	0	0	0	0	0
ENSG00000207730	100	32	64	22511	28	35
ENSG00000221266	0	0	0	0	0	0
ENSG00000216193	0	0	0	0	0	0
ENSG00000221416	0	0	0	0	0	0
ENSG00000207614	449	1380	531	314	175	272
ENSG00000221810	0	0	0	0	0	0
ENSG00000221333	9	2	5	11	0	517
ENSG00000211575	906	511	4	4	44	1
ENSG00000221786	0	0	0	0	0	0
ENSG00000221390	7	5	1	4	2	6
ENSG00000238682	26	41	71	46	482	1719
ENSG00000239192	2	0	0	0	0	0
ENSG00000199122	8986	10326	6323	14826	1112	6206
ENSG00000207970	23	12	164	1299	312	10527
ENSG00000252229	0	0	0	0	0	0
ENSG00000207613	4565	3957	1047	916	131	5748
ENSG00000221122	0	0	0	0	0	0
ENSG00000239179	0	0	0	0	0	0
ENSG00000238392	0	0	0	0	0	0
ENSG00000239048	0	0	0	0	0	1
ENSG00000211528	2	85	0	5	0	0
ENSG00000207788	0	0	0	1	16	12883
ENSG00000207725	1967	149	1362	752	116	13616
ENSG00000207630	47	25	0	0	2	0
ENSG00000221552	11	14	16	10	11	21
ENSG00000221486	0	0	0	0	0	0
ENSG00000251948	4	1	1	1	1	1
ENSG00000207586	116	28	14	134	15	7
ENSG00000216135	242	727	0	0	3	0
ENSG00000207746	1	0	0	0	0	0
ENSG00000207748	95	34	33	14	6	7
ENSG00000238664	9	3	3	0	0	0
ENSG00000238742	66	138	15	26	13	25
ENSG00000221450	0	0	0	0	0	0
ENSG00000207717	8	0	3	4	7	389
ENSG00000221366	93	123	23	11	14	16
ENSG00000221025	208	49	4	1	0	0
ENSG00000207933	1	4	0	0	0	0
ENSG00000252924	0	0	0	0	0	0
ENSG00000207924	1	1	2	4261	78	1288
ENSG00000238621	0	0	0	0	0	0
ENSG00000221324	0	0	0	0	0	0
ENSG00000221706	0	0	0	0	0	0
ENSG00000207647	0	0	0	0	0	1
ENSG00000252788	0	0	0	0	0	0
ENSG00000216072	0	0	0	0	0	0
ENSG00000221338	0	0	0	0	0	0
ENSG00000238866	0	0	0	0	0	0
ENSG00000211537	136	323	3	8	98	5
ENSG00000211568	1	4	0	0	82	0
ENSG00000252150	1	0	0	0	0	0
ENSG00000207825	0	0	0	0	27	232
ENSG00000221238	0	0	0	0	0	0
ENSG00000215966	7	0	0	3	8	6
ENSG00000222190	0	1	0	0	0	17
ENSG00000238980	0	0	0	0	0	0
ENSG00000221723	0	0	0	0	0	0
ENSG00000211518	0	1	0	0	1	0
ENSG00000239196	0	0	0	0	0	0
ENSG00000216125	0	0	0	0	0	0
ENSG00000221365	0	1	0	0	1	1
ENSG00000221379	0	0	0	0	0	0
ENSG00000238362	0	2	0	0	0	0
ENSG00000252629	0	0	0	0	0	0
ENSG00000252219	0	4	0	3	2	0
ENSG00000240688	0	0	0	0	0	0
ENSG00000221536	0	0	0	0	0	0
ENSG00000207862	0	2	4	0	95	6283
ENSG00000238508	0	0	0	0	0	0
ENSG00000216166	0	0	0	0	0	0
ENSG00000252541	0	0	0	0	2	0
ENSG00000252570	0	0	0	0	0	0
ENSG00000207945	0	2	0	0	0	0
ENSG00000215976	0	0	0	0	0	0
ENSG00000221779	0	0	0	0	0	0
ENSG00000216105	0	3	0	0	0	0
ENSG00000252306	0	0	0	0	0	0
ENSG00000207571	0	3	0	30	6	32
ENSG00000216102	0	0	0	0	0	0
ENSG00000221369	0	0	0	0	0	0
ENSG00000216084	0	1	0	0	1	0
ENSG00000238347	0	0	0	0	0	0
ENSG00000238607	0	0	0	0	0	0
ENSG00000221604	0	2	0	0	0	2
ENSG00000221242	0	0	0	0	0	0
ENSG00000216127	0	0	0	0	0	0
ENSG00000207804	0	3	1	1	0	3
ENSG00000239163	0	2	0	0	0	0
ENSG00000221672	0	1	0	0	0	0
ENSG00000221404	0	0	0	0	0	0
ENSG00000221413	0	1	0	0	0	0
ENSG00000215973	0	1	0	0	0	0
ENSG00000221373	0	0	0	0	0	0
ENSG00000207636	0	1	0	0	0	1
ENSG00000221610	0	0	0	0	0	0
ENSG00000221444	0	0	0	0	0	0
ENSG00000221074	0	0	0	0	0	0
ENSG00000216131	0	3	0	0	0	0
ENSG00000239085	0	1	0	0	0	0
ENSG00000221792	0	1	0	0	1	0
ENSG00000252059	0	0	0	0	0	0
ENSG00000252907	0	1	0	0	1	1
ENSG00000238601	0	0	0	0	0	0
ENSG00000207974	0	1	0	0	0	0
ENSG00000216054	0	0	0	0	0	0
ENSG00000222602	0	0	0	0	0	0
ENSG00000207641	0	1	1	44	789	2
ENSG00000207652	0	1	0	0	0	0
ENSG00000207833	0	1	0	0	0	0
ENSG00000212102	0	1	0	3	6	277
ENSG00000221323	0	1	0	1	0	0
ENSG00000216116	0	2	0	0	0	0
ENSG00000221077	0	11	0	0	0	0
ENSG00000207802	0	1	0	0	0	0
ENSG00000253012	0	0	0	0	0	0
ENSG00000221465	0	0	0	0	0	0
ENSG00000221065	0	0	0	0	0	0
ENSG00000207728	0	1	0	0	31	1
ENSG00000222958	0	1	1	1	0	0
ENSG00000238705	0	4	0	0	0	0
ENSG00000221026	0	1	0	0	1	0
ENSG00000252471	0	0	0	0	0	0
ENSG00000221412	0	2	0	0	5	0
ENSG00000216011	0	1	1	0	1	0
ENSG00000221281	0	0	0	0	0	0
ENSG00000216005	0	13	4	5	10	0
ENSG00000216020	0	1	0	0	0	1
ENSG00000199095	0	1	10	3	76	1671
ENSG00000221649	0	0	0	0	0	0
ENSG00000216109	0	0	0	0	0	0
ENSG00000221273	0	1	0	0	0	0
ENSG00000220996	0	0	0	0	0	0
ENSG00000211995	0	0	1	0	0	1
ENSG00000199145	0	2	19	1	0	0
ENSG00000221447	0	0	0	0	0	0
ENSG00000252177	0	0	0	0	0	0
ENSG00000221395	0	0	0	0	0	0
ENSG00000221170	0	0	0	0	1	4
ENSG00000210741	0	0	0	13	2	11
ENSG00000252324	0	0	0	0	0	0
ENSG00000238623	0	1	0	0	0	0
ENSG00000221121	0	1	0	0	1	0
ENSG00000207765	0	1	0	0	0	0
ENSG00000207838	0	0	0	0	17	9688
ENSG00000221235	0	0	0	0	0	0
ENSG00000207627	0	0	3	13	1	7
ENSG00000221428	0	0	0	0	0	0
ENSG00000199031	0	0	1	3	29	1183
ENSG00000222526	0	0	0	0	0	0
ENSG00000221798	0	0	0	0	0	0
ENSG00000221299	0	0	0	0	0	0
ENSG00000221402	0	0	0	0	0	0
ENSG00000207645	0	0	0	0	0	0
ENSG00000221330	0	0	0	0	0	0
ENSG00000221553	0	0	0	0	0	0
ENSG00000207951	0	0	3	25	14	6013
ENSG00000215991	0	0	2231	0	0	0
ENSG00000221556	0	0	1	0	0	0
ENSG00000221019	0	0	0	0	0	0
ENSG00000207799	0	0	0	0	12	2388
ENSG00000221497	0	0	0	0	0	0
ENSG00000221371	0	0	3	0	0	0
ENSG00000221270	0	0	0	0	0	0
ENSG00000207837	0	0	0	0	0	0
ENSG00000221389	0	0	0	0	0	0
ENSG00000221262	0	0	0	0	0	0
ENSG00000212044	0	0	0	0	0	0
ENSG00000221372	0	0	0	0	0	0
ENSG00000216190	0	0	0	0	0	0
ENSG00000221589	0	0	0	0	0	0
ENSG00000221030	0	0	0	0	0	0
ENSG00000222391	0	0	0	0	0	0
ENSG00000221708	0	0	0	0	0	0
ENSG00000221069	0	0	0	0	0	0
ENSG00000207874	0	0	1	0	0	1
ENSG00000222290	0	0	0	0	1	0
ENSG00000252165	0	0	0	0	0	0
ENSG00000199143	0	0	10	2	73	2112
ENSG00000207930	0	0	1	2	0	0
ENSG00000212085	0	0	0	0	0	0
ENSG00000221446	0	0	1	0	0	0
ENSG00000223322	0	0	0	0	0	1
ENSG00000222261	0	0	0	0	0	0
ENSG00000221617	0	0	0	0	0	0
ENSG00000216027	0	0	0	0	0	0
ENSG00000222117	0	0	0	0	0	0
ENSG00000221476	0	0	1	0	0	0
ENSG00000221494	0	0	0	0	0	0
ENSG00000221677	0	0	0	0	0	0
ENSG00000222101	0	0	0	0	0	0
ENSG00000221466	0	0	0	0	0	0
ENSG00000221591	0	0	0	0	0	0
ENSG00000221470	0	0	0	0	0	0
ENSG00000221112	0	0	0	0	0	0
ENSG00000221213	0	0	1	1	0	3
ENSG00000221534	0	0	0	0	0	0
ENSG00000212070	0	0	0	0	0	0
ENSG00000222717	0	0	0	0	0	0
ENSG00000215941	0	0	0	0	0	0
ENSG00000221794	0	0	0	0	0	0
ENSG00000221502	0	0	12	6	2	12
ENSG00000207594	0	0	2	0	138	14977
ENSG00000222749	0	0	1	0	0	0
ENSG00000238634	0	0	1	0	0	0
ENSG00000221467	0	0	0	0	0	0
ENSG00000216182	0	0	0	0	0	0
ENSG00000222133	0	0	1	0	0	1
ENSG00000222084	0	0	0	0	0	0
ENSG00000222158	0	0	0	0	0	0
ENSG00000221477	0	0	0	0	0	0
ENSG00000221089	0	0	0	0	0	0
ENSG00000211996	0	0	0	0	0	0
ENSG00000216045	0	0	0	0	0	0
ENSG00000221113	0	0	3	0	1	53
ENSG00000221481	0	0	0	0	0	0
ENSG00000221320	0	0	0	0	0	0
ENSG00000215972	0	0	0	0	0	0
ENSG00000221111	0	0	0	0	0	0
ENSG00000221165	0	0	1	1	0	2
ENSG00000212007	0	0	0	0	0	0
ENSG00000211577	0	0	1	1	0	0
ENSG00000221659	0	0	0	0	0	0
ENSG00000221374	0	0	0	0	0	0
ENSG00000216100	0	0	0	0	0	0
ENSG00000199102	0	0	14	0	0	0
ENSG00000221542	0	0	0	0	0	0
ENSG00000222683	0	0	0	0	0	0
ENSG00000222070	0	0	0	0	0	0
ENSG00000238743	0	0	0	0	0	0
ENSG00000252453	0	0	0	0	0	0
ENSG00000221696	0	0	0	0	0	0
ENSG00000222834	0	0	0	0	0	0
ENSG00000211502	0	0	30	85	42	841
ENSG00000221781	0	0	0	0	0	0
ENSG00000207861	0	0	0	0	0	47
ENSG00000212084	0	0	0	0	0	0
ENSG00000221550	0	0	0	0	0	0
ENSG00000207715	0	0	2	1	0	0
ENSG00000221359	0	0	0	0	0	0
ENSG00000216067	0	0	0	0	0	0
ENSG00000199169	0	0	3	0	0	0
ENSG00000221580	0	0	1	0	0	0
ENSG00000216047	0	0	0	0	0	1
ENSG00000207559	0	0	1	0	0	0
ENSG00000222798	0	0	0	0	0	0
ENSG00000199156	0	0	4	1	1	0
ENSG00000221189	0	0	0	0	0	0
ENSG00000221272	0	0	0	0	0	0
ENSG00000207952	0	0	8	4	2	22
ENSG00000221681	0	0	1	0	0	0
ENSG00000207734	0	0	0	0	0	1
ENSG00000221314	0	0	0	0	0	0
ENSG00000199157	0	0	116	2	1	2
ENSG00000221519	0	0	0	0	0	0
ENSG00000221541	0	0	0	0	0	0
ENSG00000221307	0	0	0	0	0	0
ENSG00000221495	0	0	0	0	0	1
ENSG00000221058	0	0	0	0	0	0
ENSG00000222299	0	0	0	0	0	0
ENSG00000221348	0	0	1	0	0	0
ENSG00000215999	0	0	0	0	0	0
ENSG00000223101	0	0	0	0	0	0
ENSG00000221644	0	0	0	1	0	0
ENSG00000222994	0	0	0	0	0	0
ENSG00000221017	0	0	1	0	157	37651
ENSG00000221721	0	0	0	0	0	0
ENSG00000221070	0	0	0	0	0	0
ENSG00000221211	0	0	0	0	0	0
ENSG00000216073	0	0	0	0	0	0
ENSG00000207587	0	0	1	1	5	5
ENSG00000221016	0	0	9	0	1	4
ENSG00000221179	0	0	0	0	0	0
ENSG00000221680	0	0	6	1	2	11
ENSG00000221766	0	0	1	0	0	0
ENSG00000222161	0	0	0	0	0	0
ENSG00000222196	0	0	0	0	0	0
ENSG00000221198	0	0	0	0	0	0
ENSG00000221530	0	0	1	1	1	0
ENSG00000216058	0	0	7	12	0	255
ENSG00000207644	0	0	0	0	0	0
ENSG00000221257	0	0	0	0	0	0
ENSG00000238911	0	0	0	0	0	0
ENSG00000212063	0	0	0	0	0	0
ENSG00000238586	0	0	0	0	0	0
ENSG00000223235	0	0	0	0	0	0
ENSG00000238460	0	0	0	0	0	0
ENSG00000221606	0	0	0	0	0	0
ENSG00000221655	0	0	0	0	0	0
ENSG00000221793	0	0	0	0	0	0
ENSG00000221180	0	0	0	1	1	0
ENSG00000216183	0	0	0	0	0	0
ENSG00000251808	0	0	0	0	0	0
ENSG00000207740	0	0	0	1	0	3
ENSG00000221004	0	0	0	0	0	0
ENSG00000207923	0	0	0	12	1	0
ENSG00000207873	0	0	0	0	2	0
ENSG00000221305	0	0	0	0	0	0
ENSG00000221251	0	0	0	5	0	0
ENSG00000221254	0	0	0	0	0	0
ENSG00000238823	0	0	0	0	0	0
ENSG00000252100	0	0	0	0	0	0
ENSG00000252007	0	0	0	1	0	0
ENSG00000211590	0	0	0	1	0	1
ENSG00000222109	0	0	0	0	0	0
ENSG00000216060	0	0	0	22	0	450
ENSG00000207719	0	0	0	1	0	0
ENSG00000221801	0	0	0	0	0	0
ENSG00000223149	0	0	0	0	0	0
ENSG00000221178	0	0	0	0	0	0
ENSG00000221567	0	0	0	0	0	0
ENSG00000216014	0	0	0	0	0	0
ENSG00000221657	0	0	0	0	0	0
ENSG00000207940	0	0	0	1	0	0
ENSG00000221301	0	0	0	0	0	0
ENSG00000221547	0	0	0	0	0	0
ENSG00000215921	0	0	0	0	0	0
ENSG00000221616	0	0	0	0	0	0
ENSG00000220989	0	0	0	0	0	0
ENSG00000221201	0	0	0	0	0	0
ENSG00000221269	0	0	0	0	0	0
ENSG00000251879	0	0	0	0	0	0
ENSG00000212022	0	0	0	0	0	0
ENSG00000222677	0	0	0	0	0	0
ENSG00000212053	0	0	0	0	0	0
ENSG00000221515	0	0	0	0	0	0
ENSG00000221537	0	0	0	0	0	0
ENSG00000221378	0	0	0	0	0	0
ENSG00000221187	0	0	0	0	0	0
ENSG00000238641	0	0	0	1	0	0
ENSG00000221192	0	0	0	0	0	0
ENSG00000222481	0	0	0	0	0	0
ENSG00000216075	0	0	0	5	2	0
ENSG00000207750	0	0	0	1	0	0
ENSG00000220999	0	0	0	0	0	0
ENSG00000221522	0	0	0	0	0	2
ENSG00000216017	0	0	0	0	0	0
ENSG00000221154	0	0	0	1	0	0
ENSG00000207871	0	0	0	1	292	1
ENSG00000207984	0	0	0	0	3	0
ENSG00000215968	0	0	0	0	0	0
ENSG00000221411	0	0	0	1	0	0
ENSG00000238323	0	0	0	0	0	0
ENSG00000221275	0	0	0	0	0	0
ENSG00000221683	0	0	0	0	0	0
ENSG00000221729	0	0	0	0	0	0
ENSG00000221731	0	0	0	0	0	0
ENSG00000221417	0	0	0	2	1	1
ENSG00000212055	0	0	0	0	0	0
ENSG00000239101	0	0	0	1	0	0
ENSG00000221313	0	0	0	0	0	0
ENSG00000221561	0	0	0	0	0	0
ENSG00000252869	0	0	0	1	0	0
ENSG00000212072	0	0	0	1	0	0
ENSG00000212031	0	0	0	0	0	0
ENSG00000221347	0	0	0	0	0	0
ENSG00000222096	0	0	0	0	0	0
ENSG00000207969	0	0	0	4	346	3
ENSG00000223029	0	0	0	0	0	0
ENSG00000220985	0	0	0	0	0	0
ENSG00000212045	0	0	0	0	1	1
ENSG00000221469	0	0	0	0	0	0
ENSG00000207549	0	0	0	0	0	2
ENSG00000251927	0	0	0	0	0	0
ENSG00000223063	0	0	0	0	0	0
ENSG00000207747	0	0	0	0	0	225
ENSG00000221516	0	0	0	0	4	0
ENSG00000239165	0	0	0	0	0	0
ENSG00000207629	0	0	0	0	1	36
ENSG00000211499	0	0	0	0	1	0
ENSG00000216205	0	0	0	0	0	0
ENSG00000221438	0	0	0	0	1	0
ENSG00000207699	0	0	0	0	4	666
ENSG00000221094	0	0	0	0	0	0
ENSG00000221650	0	0	0	0	3	1
ENSG00000222333	0	0	0	0	0	0
ENSG00000252896	0	0	0	0	0	0
ENSG00000252511	0	0	0	0	0	0
ENSG00000211495	0	0	0	0	1	0
ENSG00000207711	0	0	0	0	11	8170
ENSG00000208038	0	0	0	0	1	1
ENSG00000211535	0	0	0	0	1	0
ENSG00000207869	0	0	0	0	14	1385
ENSG00000221050	0	0	0	0	0	0
ENSG00000221770	0	0	0	0	3	0
ENSG00000207979	0	0	0	0	0	19
ENSG00000251962	0	0	0	0	0	0
ENSG00000207583	0	0	0	0	1	0
ENSG00000239124	0	0	0	0	0	0
ENSG00000207738	0	0	0	0	112	64
ENSG00000221699	0	0	0	0	0	0
ENSG00000207616	0	0	0	0	0	0
ENSG00000223243	0	0	0	0	0	0
ENSG00000207580	0	0	0	0	10	15622
ENSG00000221443	0	0	0	0	0	0
ENSG00000221118	0	0	0	0	0	0
ENSG00000221279	0	0	0	0	0	0
ENSG00000238766	0	0	0	0	0	0
ENSG00000207553	0	0	0	0	11	21625
ENSG00000207803	0	0	0	0	0	0
ENSG00000221645	0	0	0	0	0	0
ENSG00000221560	0	0	0	0	0	0
ENSG00000221156	0	0	0	0	0	0
ENSG00000241000	0	0	0	0	1	0
ENSG00000223052	0	0	0	0	0	0
ENSG00000252841	0	0	0	0	1	0
ENSG00000222437	0	0	0	0	0	0
ENSG00000221354	0	0	0	0	0	0
ENSG00000207810	0	0	0	0	2	518
ENSG00000221503	0	0	0	0	0	0
ENSG00000211483	0	0	0	0	0	0
ENSG00000251710	0	0	0	0	0	0
ENSG00000221715	0	0	0	0	0	0
ENSG00000215925	0	0	0	0	0	0
ENSG00000221757	0	0	0	0	0	0
ENSG00000216064	0	0	0	0	4	0
ENSG00000221032	0	0	0	0	1	0
ENSG00000211532	0	0	0	0	0	0
ENSG00000207706	0	0	0	0	10	1523
ENSG00000223059	0	0	0	0	0	0
ENSG00000252309	0	0	0	0	1	0
ENSG00000221130	0	0	0	0	1	1
ENSG00000252748	0	0	0	0	1	0
ENSG00000252308	0	0	0	0	0	0
ENSG00000221000	0	0	0	0	0	0
ENSG00000221249	0	0	0	0	1	0
ENSG00000221689	0	0	0	0	0	0
ENSG00000211526	0	0	0	0	0	0
ENSG00000252648	0	0	0	0	0	0
ENSG00000207555	0	0	0	0	230	610
ENSG00000221452	0	0	0	0	0	0
ENSG00000221425	0	0	0	0	1	0
ENSG00000221631	0	0	0	0	0	0
ENSG00000222408	0	0	0	0	0	0
ENSG00000207634	0	0	0	0	0	334
ENSG00000221212	0	0	0	0	0	0
ENSG00000211530	0	0	0	0	5	0
ENSG00000221795	0	0	0	0	0	0
ENSG00000221095	0	0	0	0	0	0
ENSG00000207977	0	0	0	0	14	9361
ENSG00000212064	0	0	0	0	0	0
ENSG00000238737	0	0	0	0	0	0
ENSG00000221789	0	0	0	0	0	0
ENSG00000223180	0	0	0	0	0	0
ENSG00000238836	0	0	0	0	0	0
ENSG00000252976	0	0	0	0	0	0
ENSG00000221474	0	0	0	0	0	0
ENSG00000207599	0	0	0	0	5	220
ENSG00000221256	0	0	0	0	0	0
ENSG00000238524	0	0	0	0	0	0
ENSG00000221141	0	0	0	0	6	0
ENSG00000243590	0	0	0	0	0	0
ENSG00000221358	0	0	0	0	0	0
ENSG00000238411	0	0	0	0	0	0
ENSG00000221442	0	0	0	0	1	4
ENSG00000207615	0	0	0	0	0	0
ENSG00000221437	0	0	0	0	1	1
ENSG00000239158	0	0	0	0	0	0
ENSG00000222894	0	0	0	0	2	0
ENSG00000221086	0	0	0	0	1	0
ENSG00000222298	0	0	0	0	0	0
ENSG00000253082	0	0	0	0	0	0
ENSG00000221079	0	0	0	0	0	0
ENSG00000222066	0	0	0	0	0	0
ENSG00000238870	0	0	0	0	1	0
ENSG00000251738	0	0	0	0	1	0
ENSG00000252694	0	0	0	0	0	0
ENSG00000221730	0	0	0	0	1	0
ENSG00000221690	0	0	0	0	1	0
ENSG00000252846	0	0	0	0	0	0
ENSG00000221523	0	0	0	0	0	0
ENSG00000222350	0	0	0	0	0	0
ENSG00000222939	0	0	0	0	0	0
ENSG00000221135	0	0	0	0	0	0
ENSG00000222831	0	0	0	0	0	2
ENSG00000222692	0	0	0	0	0	0
ENSG00000221665	0	0	0	0	0	0
ENSG00000251968	0	0	0	0	0	1
ENSG00000212075	0	0	0	0	0	0
ENSG00000221003	0	0	0	0	0	0
ENSG00000221264	0	0	0	0	0	1
ENSG00000238675	0	0	0	0	0	0
ENSG00000238726	0	0	0	0	0	0
ENSG00000207632	0	0	0	0	0	1
ENSG00000252974	0	0	0	0	0	3
ENSG00000223009	0	0	0	0	0	2
ENSG00000222339	0	0	0	0	0	0
ENSG00000223070	0	0	0	0	0	0
ENSG00000252455	0	0	0	0	0	0
ENSG00000211573	0	0	0	0	0	0
ENSG00000221310	0	0	0	0	0	0
ENSG00000252208	0	0	0	0	0	1
ENSG00000221506	0	0	0	0	0	2
ENSG00000216169	0	0	0	0	0	0
ENSG00000216085	0	0	0	0	0	0
ENSG00000221772	0	0	0	0	0	2
ENSG00000222805	0	0	0	0	0	0
ENSG00000223244	0	0	0	0	0	2
ENSG00000211524	0	0	0	0	0	1
ENSG00000223164	0	0	0	0	0	0
ENSG00000221679	0	0	0	0	0	1
ENSG00000212057	0	0	0	0	0	0
ENSG00000221778	0	0	0	0	0	0
ENSG00000221377	0	0	0	0	0	2
ENSG00000221140	0	0	0	0	0	0
ENSG00000239006	0	0	0	0	0	0
ENSG00000215979	0	0	0	0	0	0
ENSG00000222169	0	0	0	0	0	0
ENSG00000222226	0	0	0	0	0	2
ENSG00000221384	0	0	0	0	0	1
ENSG00000211510	0	0	0	0	0	0
ENSG00000223275	0	0	0	0	0	0
ENSG00000223286	0	0	0	0	0	1
ENSG00000222551	0	0	0	0	0	0
ENSG00000207858	0	0	0	0	0	0
ENSG00000221357	0	0	0	0	0	0
ENSG00000221220	0	0	0	0	0	0
ENSG00000215961	0	0	0	0	0	0
