Brain	Cerebellum	Heart	Kidney	Testis
ENSGALG00000021786	3811	851	6	31	32
ENSGALG00000018251	76	30	23	33	381
ENSGALG00000025460	2	1	0	0	0
ENSGALG00000018308	57154	80969	7493	9091	10869
ENSGALG00000018256	151	63	35	146	90
ENSGALG00000025424	38	79	50	1	157
ENSGALG00000018302	492	555	305	270	581
ENSGALG00000018325	107	29	22	74	641
ENSGALG00000018264	153	264	33	16	104
ENSGALG00000018292	0	0	1	0	0
ENSGALG00000018307	3	13	3	9	2
ENSGALG00000025199	5	3	0	1	0
ENSGALG00000024497	0	0	0	0	0
ENSGALG00000025296	0	0	0	0	0
ENSGALG00000025429	4	2	0	0	0
ENSGALG00000025563	0	0	0	0	0
ENSGALG00000025372	0	0	0	0	0
ENSGALG00000025628	20	27	60	14	754
ENSGALG00000018316	21	31	0	6	238
ENSGALG00000025397	0	0	0	0	0
ENSGALG00000018268	0	0	0	0	0
ENSGALG00000024507	1035	259	893	1166	636
ENSGALG00000018260	26	11	3	0	26
ENSGALG00000025501	0	0	0	0	0
ENSGALG00000018305	125	17	28	383	414
ENSGALG00000025274	0	0	0	0	0
ENSGALG00000025164	0	0	0	0	0
ENSGALG00000025320	0	0	0	0	0
ENSGALG00000025376	2	0	0	2	1
ENSGALG00000025215	0	0	0	0	0
ENSGALG00000025370	0	0	0	0	0
ENSGALG00000025168	0	0	0	0	0
ENSGALG00000021737	1	2	7	0	2
ENSGALG00000018237	492	1077	591	219	1106
ENSGALG00000025454	0	0	0	0	0
ENSGALG00000025207	1	0	0	0	0
ENSGALG00000025559	304	8	13	53	12
ENSGALG00000018240	3	5	0	1	0
ENSGALG00000025325	0	0	0	0	0
ENSGALG00000021733	22589	16720	7406	30233	80253
ENSGALG00000018293	0	0	0	0	0
ENSGALG00000025330	0	0	0	0	0
ENSGALG00000018296	69	19	3	13	80
ENSGALG00000025405	0	0	1	0	0
ENSGALG00000018257	0	0	0	0	0
ENSGALG00000025457	0	0	0	0	0
ENSGALG00000021728	49	37	12	24	125
ENSGALG00000018243	17223	19130	8424	2317	7512
ENSGALG00000018345	0	1	1	705	15
ENSGALG00000018320	105	74	254	282	209
ENSGALG00000025596	7	18	26	10	517
ENSGALG00000018323	15	6	24	24	19
ENSGALG00000025267	28	8	10	29	25
ENSGALG00000021792	9	5	0	0	82
ENSGALG00000025333	4	1	0	0	0
ENSGALG00000025309	7	2	0	0	0
ENSGALG00000025186	0	0	0	0	0
ENSGALG00000018301	34901	40133	34216	30284	21056
ENSGALG00000025575	6	11	0	0	5
ENSGALG00000024503	20	4	43	31	16
ENSGALG00000025522	0	0	0	0	0
ENSGALG00000018249	85	27	30	47	467
ENSGALG00000025532	0	0	0	0	0
ENSGALG00000025606	0	0	0	0	4
ENSGALG00000018335	0	1	0	4	2
ENSGALG00000018272	24	7	7	9	4
ENSGALG00000021791	152	141	1340	406	113
ENSGALG00000018244	9165	8543	4186	1597	4332
ENSGALG00000025543	0	0	0	0	1
ENSGALG00000021776	0	0	0	0	0
ENSGALG00000025345	0	0	0	0	0
ENSGALG00000025451	0	0	0	0	0
ENSGALG00000018285	1064	815	3	7	16
ENSGALG00000024508	0	0	0	0	0
ENSGALG00000025586	0	0	0	0	0
ENSGALG00000025485	1	0	0	0	0
ENSGALG00000025497	0	0	0	0	0
ENSGALG00000018238	23	25	1	1	4
ENSGALG00000018318	74	171	40	53	349
ENSGALG00000025198	1	0	0	0	0
ENSGALG00000025469	1	0	0	1	2046
ENSGALG00000025172	0	0	0	1	0
ENSGALG00000025534	23	1	0	1	7
ENSGALG00000025202	0	0	0	0	0
ENSGALG00000018266	4	7	0	0	3
ENSGALG00000025506	0	0	1	2	1
ENSGALG00000024492	56	62	221	31	38
ENSGALG00000025685	56	27	11	9	14
ENSGALG00000018338	11	5	18	16	74
ENSGALG00000025426	0	0	0	0	5
ENSGALG00000021734	59	5	144	0	1
ENSGALG00000018289	5	2	0	0	1
ENSGALG00000025542	0	0	0	0	0
ENSGALG00000025264	0	0	0	0	0
ENSGALG00000025279	0	0	0	0	0
ENSGALG00000025566	2	9	1	3	1
ENSGALG00000025394	0	0	0	0	0
ENSGALG00000025560	0	0	0	0	0
ENSGALG00000025313	0	1	0	0	0
ENSGALG00000025365	0	0	0	0	0
ENSGALG00000018309	1	35	0	4	1
ENSGALG00000025494	0	0	0	0	0
ENSGALG00000021950	0	0	0	0	0
ENSGALG00000021732	497	388	14	9	23
ENSGALG00000018241	6177	29786	7979	7055	5726
ENSGALG00000021721	2178	1251	10466	5094	1189
ENSGALG00000018273	89	89	125	109	97
ENSGALG00000018247	2458	355	431	101	191
ENSGALG00000025328	0	0	0	0	0
ENSGALG00000018337	1	1	1	0	2
ENSGALG00000018236	13	2	4	1	3
ENSGALG00000018304	138	88	21	25	32
ENSGALG00000024495	801	517	1663	3114	2241
ENSGALG00000025473	0	0	0	0	0
ENSGALG00000018265	40088	28909	24136	17052	42952
ENSGALG00000025436	0	0	0	0	0
ENSGALG00000018317	1	0	2	0	6
ENSGALG00000025459	94	64	41	22	206
ENSGALG00000025255	0	0	0	0	0
ENSGALG00000025334	0	0	0	0	0
ENSGALG00000018258	40	16	4	2	59
ENSGALG00000025244	0	0	0	0	0
ENSGALG00000025203	2	2	0	7	0
ENSGALG00000025321	0	0	0	0	0
ENSGALG00000021935	6	6	2	0	0
ENSGALG00000018355	3080	2011	714	770	646
ENSGALG00000018261	7999	14805	8539	4355	13550
ENSGALG00000018326	0	0	0	0	0
ENSGALG00000025234	0	0	0	0	0
ENSGALG00000025261	0	0	0	0	0
ENSGALG00000025143	0	0	0	0	0
ENSGALG00000025182	0	1	0	0	0
ENSGALG00000025684	52	20	387	109	26
ENSGALG00000018330	100	52	18	11	23
ENSGALG00000025208	0	0	0	0	0
ENSGALG00000021770	0	0	0	0	1
ENSGALG00000018255	83	118	36	36	60
ENSGALG00000025150	0	0	0	0	0
ENSGALG00000021920	0	0	0	0	0
ENSGALG00000025496	0	0	0	0	0
ENSGALG00000021952	3	123	7398	38942	7703
ENSGALG00000021785	3	1	0	0	0
ENSGALG00000021809	0	0	0	0	2
ENSGALG00000025268	0	0	0	0	0
ENSGALG00000018352	33	5	10	6	36
ENSGALG00000021724	123	55	37	37	48
ENSGALG00000025647	0	1	0	0	0
ENSGALG00000025187	0	0	0	0	0
ENSGALG00000018339	2	0	11	10	297
ENSGALG00000025533	74	28	11	7	18
ENSGALG00000025553	0	0	0	0	4
ENSGALG00000018248	741	691	1025	770	2796
ENSGALG00000018276	16407	5051	39943	18474	8771
ENSGALG00000025177	0	0	0	0	0
ENSGALG00000025357	1	0	0	0	0
ENSGALG00000025179	0	0	0	0	0
ENSGALG00000025578	374	4	2	0	18
ENSGALG00000025510	30	69	69	63	108
ENSGALG00000025248	0	1	0	1	0
ENSGALG00000025271	20	14	7	3	4
ENSGALG00000025476	9	1	0	0	2
ENSGALG00000025245	2	0	2	0	0
ENSGALG00000021777	0	1	0	0	0
ENSGALG00000025367	0	0	0	0	0
ENSGALG00000025214	0	0	0	0	6
ENSGALG00000025380	1	1	0	0	0
ENSGALG00000018348	0	0	0	0	0
ENSGALG00000018267	669	373	3321	1429	2205
ENSGALG00000021774	21	17	81676	53	446
ENSGALG00000018288	0	0	24	0	0
ENSGALG00000025265	0	0	0	0	0
ENSGALG00000025406	0	0	0	0	11
ENSGALG00000025452	4	0	0	3	0
ENSGALG00000018290	3830	8291	1948	34799	6908
ENSGALG00000025209	0	0	0	0	34
ENSGALG00000018340	0	0	0	0	0
ENSGALG00000025523	0	0	0	0	0
ENSGALG00000025181	0	0	0	0	1
ENSGALG00000025441	0	0	0	0	0
ENSGALG00000024502	27	34	52	46	43
ENSGALG00000025625	0	0	0	0	0
ENSGALG00000025300	0	0	0	0	0
ENSGALG00000018322	10	0	2	0	292
ENSGALG00000018343	0	0	0	0	0
ENSGALG00000018250	2276	1156	667	929	3116
ENSGALG00000018281	5904	4243	4106	5810	21039
ENSGALG00000025152	1	0	0	0	0
ENSGALG00000025552	0	0	0	0	0
ENSGALG00000018295	1	2	11	2711	41
ENSGALG00000018319	8569	8014	23508	32391	11685
ENSGALG00000025651	0	0	0	0	0
ENSGALG00000018254	5	9	3	3	6
ENSGALG00000025293	0	0	0	0	0
ENSGALG00000025395	1	0	0	0	0
ENSGALG00000018313	0	0	0	140	4
ENSGALG00000025580	1	4	0	2	3
ENSGALG00000025170	2	0	0	0	0
ENSGALG00000025364	0	0	0	0	0
ENSGALG00000021778	2	0	3	1012	2
ENSGALG00000018328	2	6	0	0	1
ENSGALG00000025545	0	1	1	0	1
ENSGALG00000018336	3241	12	136	3	51
ENSGALG00000025188	437	4	27	226	99
ENSGALG00000025276	0	0	0	0	0
ENSGALG00000018271	259	103	288	80	154
ENSGALG00000025549	0	0	0	1	3
ENSGALG00000025222	0	0	0	0	0
ENSGALG00000018262	4528	2972	3322	2435	8303
ENSGALG00000025385	1	0	0	0	0
ENSGALG00000025289	0	0	0	0	0
ENSGALG00000025374	648	253	10	1158	351
ENSGALG00000025266	1	0	0	0	0
ENSGALG00000025206	0	0	0	0	0
ENSGALG00000018287	0	0	0	0	0
ENSGALG00000021723	101	1	0	0	8
ENSGALG00000025577	0	0	0	0	0
ENSGALG00000018270	0	0	0	0	1
ENSGALG00000018327	0	0	0	0	1
ENSGALG00000025576	0	0	0	0	0
ENSGALG00000025483	1	1	3	1	0
ENSGALG00000025422	8	4	10	17	23
ENSGALG00000018300	0	0	36	0	0
ENSGALG00000018246	0	0	0	0	0
ENSGALG00000025322	0	0	0	0	0
ENSGALG00000018282	0	0	0	6	0
ENSGALG00000025638	0	0	0	0	0
ENSGALG00000021798	121	26	33	960	133
ENSGALG00000025229	0	0	0	0	5
ENSGALG00000025250	0	0	0	0	0
ENSGALG00000018245	38	21	16	55	29
ENSGALG00000018274	3	1	1	0	3
ENSGALG00000025495	0	0	0	0	0
ENSGALG00000021951	1	0	0	0	4
ENSGALG00000025415	0	0	0	0	0
ENSGALG00000025213	0	0	0	0	0
ENSGALG00000021783	4	1	0	15	2
ENSGALG00000018253	945	669	384	525	1955
ENSGALG00000021800	64	37	24	39	21
ENSGALG00000025318	0	0	0	0	2
ENSGALG00000025538	0	0	0	0	0
ENSGALG00000025307	0	0	0	0	0
ENSGALG00000025572	0	1	0	3	0
ENSGALG00000025281	0	0	0	0	0
ENSGALG00000025565	0	0	0	0	0
ENSGALG00000018314	6	2	1	0	8
ENSGALG00000018291	316	83	110	318	189
ENSGALG00000021775	582	393	339	437	721
ENSGALG00000025642	0	0	0	0	0
ENSGALG00000025243	0	0	0	0	0
ENSGALG00000025252	0	0	0	0	0
ENSGALG00000025157	1	0	0	0	0
ENSGALG00000025526	203	111	13	14	22
ENSGALG00000025174	0	0	0	0	0
ENSGALG00000025269	1	0	1	0	0
ENSGALG00000025301	6	0	0	0	0
ENSGALG00000025260	0	0	0	0	1
ENSGALG00000025463	0	0	0	0	0
ENSGALG00000025158	0	0	0	0	3
ENSGALG00000025551	44	34	34	3	21
ENSGALG00000025690	10	1	6	12	105
ENSGALG00000025340	0	0	0	0	3
ENSGALG00000021908	0	0	0	0	0
ENSGALG00000025492	0	0	0	0	0
ENSGALG00000018353	253	152	361	224	100
ENSGALG00000025477	0	0	0	0	0
ENSGALG00000021910	0	0	0	0	0
ENSGALG00000025381	0	0	0	0	0
ENSGALG00000025524	0	0	0	0	0
ENSGALG00000018277	0	0	0	0	0
ENSGALG00000025539	0	0	0	0	0
ENSGALG00000025338	0	0	0	0	1
ENSGALG00000025194	0	0	0	0	0
ENSGALG00000021730	521	501	213	83	28
ENSGALG00000025428	0	0	0	0	0
ENSGALG00000025440	0	0	0	0	0
ENSGALG00000025343	0	0	0	0	0
ENSGALG00000025225	0	0	0	0	0
ENSGALG00000025312	1	0	0	0	0
ENSGALG00000025487	2	0	0	1	0
ENSGALG00000018332	53	9	12	2	11
ENSGALG00000021727	1000	144	13	9	81
ENSGALG00000025275	1	0	0	0	0
ENSGALG00000025287	0	0	0	1	0
ENSGALG00000021802	77	27	6	8	55
ENSGALG00000021729	5	1	70	26	1
ENSGALG00000018344	1068	302	420	2020	729
ENSGALG00000021722	4537	1409	5	0	37
ENSGALG00000018283	157	27	14	0	105
ENSGALG00000018324	15	2	4	5	81
ENSGALG00000018312	2	2	2	0	67
ENSGALG00000025191	0	0	0	0	0
ENSGALG00000018306	366	137	185	862	1550
ENSGALG00000018263	45	3	0	0	1
ENSGALG00000025219	1	0	0	0	0
ENSGALG00000025295	0	0	1	0	0
ENSGALG00000025410	0	0	0	0	1
ENSGALG00000025227	0	0	0	0	0
ENSGALG00000018242	3649	2142	1636	439	1565
ENSGALG00000024504	10	11	18	48	32
ENSGALG00000018329	27	3	12	20	2045
ENSGALG00000018294	2	1	4	2749	57
ENSGALG00000025520	0	0	0	0	0
ENSGALG00000018321	0	0	0	0	0
ENSGALG00000025288	0	1	0	0	14
ENSGALG00000025433	0	0	0	0	0
ENSGALG00000025400	25	0	0	2	0
ENSGALG00000018303	20282	12743	2897	6900	13064
ENSGALG00000018346	3404	1889	162	1	23
ENSGALG00000025369	0	0	0	0	0
ENSGALG00000018275	61	47	137	14	145
ENSGALG00000024500	0	1	0	0	0
ENSGALG00000018310	15	10	7	3	8
ENSGALG00000025404	0	0	1	1	1
ENSGALG00000025332	1	1	0	0	0
ENSGALG00000021725	260	115	51	179	1320
ENSGALG00000025360	1	2	1	0	2
ENSGALG00000025344	0	0	0	0	0
ENSGALG00000025396	1	0	0	0	0
ENSGALG00000018269	1	3	1	0	0
ENSGALG00000025294	4	2	0	0	0
ENSGALG00000021731	0	1	2	1	0
ENSGALG00000025443	0	0	0	0	0
ENSGALG00000025544	26	13	7	4	52
ENSGALG00000025554	1	1	0	0	0
ENSGALG00000025425	0	0	0	0	0
ENSGALG00000021799	0	0	0	0	0
ENSGALG00000025155	0	0	0	0	0
ENSGALG00000025363	0	0	0	0	0
ENSGALG00000021771	0	0	0	0	0
ENSGALG00000025167	0	0	0	0	0
ENSGALG00000018235	33	16	12	4	27
ENSGALG00000025324	0	0	0	0	0
ENSGALG00000025579	0	1	1	0	0
ENSGALG00000018315	5	3	1	5	63
ENSGALG00000025521	0	0	0	0	0
ENSGALG00000025632	8	0	5	4	32
ENSGALG00000025235	1	0	0	0	9
ENSGALG00000025151	0	0	0	0	0
ENSGALG00000018259	1444	131	151	23	1319
ENSGALG00000021782	1196	937	9803	1581	10035
ENSGALG00000025378	74	14	0	0	0
ENSGALG00000025525	0	0	0	0	0
ENSGALG00000018354	2319	2374	1325	622	490
ENSGALG00000018278	2634	1688	320	180	497
ENSGALG00000025149	13	6	1	9	4
ENSGALG00000018311	22	15	20	5	7
ENSGALG00000025326	1	2	0	0	0
ENSGALG00000025491	0	0	0	0	0
ENSGALG00000018286	255	84	44	170	626
ENSGALG00000025189	2	1	5	0	11
ENSGALG00000025379	1	1	0	0	4
ENSGALG00000025160	0	0	0	0	0
ENSGALG00000021726	39	38	7	9	4
ENSGALG00000025636	0	0	0	0	0
ENSGALG00000018299	234	142	8517	12	43
ENSGALG00000025548	48	2	0	0	0
ENSGALG00000025159	0	0	0	0	0
ENSGALG00000018252	241	68	21	29	179
ENSGALG00000018331	10	66	185	38609	745
ENSGALG00000025673	1	0	0	0	0
ENSGALG00000025659	0	0	0	0	0
ENSGALG00000025371	0	0	0	0	3
ENSGALG00000025184	0	0	0	0	0
ENSGALG00000025354	0	0	0	0	3
ENSGALG00000025450	0	1	1	0	0
ENSGALG00000018350	207	524	1002	412	825
ENSGALG00000018239	465	241	32	306	117
ENSGALG00000018284	219	162	0	0	12
ENSGALG00000025508	21	2	0	1	1
ENSGALG00000025480	0	0	0	0	0
ENSGALG00000018279	10153	12021	3102	4929	4756
ENSGALG00000025570	0	0	0	0	3
ENSGALG00000025350	0	1	0	0	0
ENSGALG00000025298	0	0	0	0	0
ENSGALG00000025514	0	0	0	0	0
ENSGALG00000025176	0	0	0	0	0
ENSGALG00000025230	0	0	0	0	2
ENSGALG00000025505	0	0	0	0	0
ENSGALG00000021773	0	0	0	0	0
ENSGALG00000025465	0	0	0	0	0
ENSGALG00000025138	0	0	0	0	0
ENSGALG00000025201	0	0	0	0	0
ENSGALG00000025359	0	0	0	0	20
ENSGALG00000025488	0	1	0	0	0
ENSGALG00000025195	0	0	0	0	0
ENSGALG00000025247	0	0	0	0	0
ENSGALG00000025310	0	0	0	0	0
ENSGALG00000025217	0	0	0	0	0
ENSGALG00000025439	0	0	0	0	0
ENSGALG00000025588	0	0	0	0	0
ENSGALG00000025386	0	0	0	0	2
ENSGALG00000025180	0	0	0	0	0
ENSGALG00000025145	0	0	0	0	0
ENSGALG00000025437	0	0	0	0	0
ENSGALG00000025347	0	0	0	0	0
ENSGALG00000025223	0	0	0	0	0
ENSGALG00000025123	0	0	0	0	0
ENSGALG00000025447	0	0	0	0	0
ENSGALG00000025511	0	0	0	0	0
ENSGALG00000025547	0	0	0	0	0
ENSGALG00000025239	0	0	0	1	0
ENSGALG00000025383	0	0	0	0	0
ENSGALG00000025258	0	0	0	0	0
ENSGALG00000025162	0	0	0	0	0
ENSGALG00000025555	0	0	0	0	0
ENSGALG00000025232	0	0	0	0	0
ENSGALG00000025512	0	0	0	0	0
ENSGALG00000025163	0	0	0	0	0
ENSGALG00000025226	0	0	0	0	0
ENSGALG00000024498	0	0	0	0	5
ENSGALG00000025352	0	0	0	0	0
ENSGALG00000025414	0	0	0	0	0
ENSGALG00000025634	0	0	0	0	0
ENSGALG00000025118	0	0	0	0	0
ENSGALG00000021772	0	0	0	0	493
ENSGALG00000025481	0	0	0	0	0
ENSGALG00000025445	0	0	0	0	2
ENSGALG00000025173	0	0	0	0	0
ENSGALG00000025348	0	0	0	0	0
ENSGALG00000025335	0	0	0	0	1
ENSGALG00000025278	0	0	0	1	2
ENSGALG00000025112	0	0	0	0	0
ENSGALG00000025231	0	0	0	0	0
ENSGALG00000025408	0	0	0	0	0
ENSGALG00000025131	0	0	0	0	1
ENSGALG00000025146	0	0	0	0	0
ENSGALG00000025500	0	0	0	0	0
ENSGALG00000025221	0	0	0	0	6
ENSGALG00000025140	0	0	0	0	0
ENSGALG00000025507	0	0	0	0	7
ENSGALG00000025299	0	0	0	5	0
ENSGALG00000025224	0	0	0	0	0
ENSGALG00000025228	0	0	0	0	108
ENSGALG00000025133	0	0	0	0	0
ENSGALG00000025113	0	0	0	0	0
ENSGALG00000025471	0	0	0	0	0
ENSGALG00000025516	0	0	0	0	0
ENSGALG00000025391	0	0	0	0	0
ENSGALG00000025323	0	0	0	0	0
ENSGALG00000025272	0	0	0	0	1
ENSGALG00000025241	0	0	0	0	2
ENSGALG00000025316	0	0	0	0	0
ENSGALG00000025567	0	0	0	0	2
ENSGALG00000025236	0	0	0	0	0
ENSGALG00000025540	0	0	0	0	0
ENSGALG00000025411	0	0	0	0	0
ENSGALG00000025382	0	0	0	0	2
ENSGALG00000025430	0	0	0	0	4
ENSGALG00000025558	0	0	0	0	0
ENSGALG00000025290	0	0	0	0	0
