Brain	Cerebellum	Heart	Kidney	Testis
ENSOANG00000016473	39	22	47	18	18
ENSOANG00000016373	1	1	50	0	29
ENSOANG00000027910	0	0	0	0	0
ENSOANG00000028049	0	0	0	0	0
ENSOANG00000017082	0	0	0	0	0
ENSOANG00000016550	0	0	0	0	0
ENSOANG00000024722	0	0	0	0	0
ENSOANG00000016790	0	0	0	0	0
ENSOANG00000024796	0	0	0	0	151
ENSOANG00000026853	0	0	0	0	0
ENSOANG00000027246	0	0	0	0	0
ENSOANG00000016735	0	0	0	0	0
ENSOANG00000016417	0	0	1	0	0
ENSOANG00000025059	0	0	0	0	0
ENSOANG00000026457	836	10	0	0	0
ENSOANG00000027183	0	0	0	0	0
ENSOANG00000016083	578	47	1	1	67
ENSOANG00000026289	0	0	0	0	0
ENSOANG00000022833	0	0	0	0	0
ENSOANG00000026165	0	0	0	0	0
ENSOANG00000024938	0	0	0	0	1
ENSOANG00000016172	2306	1332	0	2	0
ENSOANG00000026638	0	0	9	0	0
ENSOANG00000026430	0	0	0	0	0
ENSOANG00000017000	8377	3403	6942	6776	5056
ENSOANG00000025339	0	0	0	233	4
ENSOANG00000024533	0	0	0	0	0
ENSOANG00000027919	0	0	0	0	0
ENSOANG00000016100	0	0	0	0	0
ENSOANG00000028163	0	0	0	0	0
ENSOANG00000022784	0	0	0	0	0
ENSOANG00000027399	0	0	0	0	0
ENSOANG00000022841	0	0	0	0	0
ENSOANG00000016993	0	0	0	0	0
ENSOANG00000017027	91955	73831	18888	27980	7137
ENSOANG00000026667	0	0	1	0	0
ENSOANG00000016835	0	0	0	0	0
ENSOANG00000016269	0	0	0	0	0
ENSOANG00000026879	0	0	1	0	0
ENSOANG00000024696	9	2	0	0	0
ENSOANG00000017019	1	1	4	1068	4
ENSOANG00000028093	0	0	2	0	0
ENSOANG00000026859	0	0	0	0	0
ENSOANG00000024196	0	0	0	0	0
ENSOANG00000017022	471	47	0	0	0
ENSOANG00000024703	6	1	2	1	0
ENSOANG00000027332	0	0	0	0	0
ENSOANG00000028011	0	0	0	0	0
ENSOANG00000027002	0	0	0	0	0
ENSOANG00000016433	12	1011	291	23113	3052
ENSOANG00000028173	0	0	0	0	0
ENSOANG00000017070	0	0	0	0	0
ENSOANG00000024442	1	0	0	1	0
ENSOANG00000025810	1	0	0	0	0
ENSOANG00000027487	0	0	0	0	0
ENSOANG00000017058	70	106	86	57	32
ENSOANG00000016608	2365	3448	5895	3572	24058
ENSOANG00000016294	7	9	1	4	1
ENSOANG00000016999	0	0	0	0	0
ENSOANG00000016151	403	76	111	31	69
ENSOANG00000016636	0	0	0	1	19
ENSOANG00000027262	0	0	0	0	0
ENSOANG00000024646	0	0	0	0	0
ENSOANG00000024622	31	4	0	0	0
ENSOANG00000028114	0	0	0	0	0
ENSOANG00000016770	97	30	0	2	10
ENSOANG00000024940	0	0	0	0	3504
ENSOANG00000016939	0	0	0	0	0
ENSOANG00000016769	4	2	16	3	16
ENSOANG00000024675	0	1	1	0	2
ENSOANG00000027613	0	0	0	0	0
ENSOANG00000027714	0	0	0	0	0
ENSOANG00000017064	0	0	0	0	0
ENSOANG00000027833	0	0	0	0	0
ENSOANG00000027626	0	0	0	0	0
ENSOANG00000027573	0	0	0	0	0
ENSOANG00000016984	0	0	0	0	0
ENSOANG00000027637	0	0	0	0	0
ENSOANG00000016970	300	362	334	178	237
ENSOANG00000026740	0	0	0	0	2
ENSOANG00000022834	0	0	0	0	0
ENSOANG00000017033	3998	2603	57	17	97
ENSOANG00000026779	0	0	0	3	0
ENSOANG00000027778	0	0	0	0	0
ENSOANG00000027761	0	0	0	0	0
ENSOANG00000027011	0	0	0	0	0
ENSOANG00000026978	0	0	0	0	0
ENSOANG00000027624	0	0	0	0	0
ENSOANG00000027716	0	0	0	0	0
ENSOANG00000026865	0	0	0	0	0
ENSOANG00000016343	0	0	0	1	9
ENSOANG00000016107	0	0	0	0	0
ENSOANG00000016727	0	0	0	0	0
ENSOANG00000016542	0	0	0	0	3
ENSOANG00000028054	0	0	0	0	0
ENSOANG00000026899	0	0	0	0	0
ENSOANG00000025803	0	0	1	0	15
ENSOANG00000024451	0	1	0	0	386
ENSOANG00000016604	2	10	8	7	0
ENSOANG00000025235	0	0	0	0	0
ENSOANG00000017026	0	0	0	0	0
ENSOANG00000016892	0	0	0	0	0
ENSOANG00000016424	2920	0	1	0	0
ENSOANG00000025837	42	38	0	0	0
ENSOANG00000016688	0	0	0	0	0
ENSOANG00000026374	0	0	0	0	0
ENSOANG00000016653	6019	541	7	293	99
ENSOANG00000027207	0	0	0	0	0
ENSOANG00000028076	0	0	0	0	0
ENSOANG00000027481	0	0	0	0	0
ENSOANG00000023366	0	0	0	0	0
ENSOANG00000016816	0	0	0	0	0
ENSOANG00000025210	0	0	4	0	32
ENSOANG00000027407	1	2	8	2	20
ENSOANG00000027082	0	0	0	0	0
ENSOANG00000016877	146	179	49	173	236
ENSOANG00000026980	0	0	0	0	0
ENSOANG00000016183	12935	17293	3267	1882	1245
ENSOANG00000016120	21	9	19	48	19
ENSOANG00000027212	0	0	0	0	0
ENSOANG00000017059	127	100	17	8	27
ENSOANG00000026992	0	0	0	0	0
ENSOANG00000016132	22	18	46	5	11
ENSOANG00000026480	26	0	3	0	3
ENSOANG00000017021	1291	351	11	3	1
ENSOANG00000026122	0	0	0	0	21
ENSOANG00000024621	0	0	0	0	0
ENSOANG00000016837	0	0	0	0	0
ENSOANG00000027584	0	0	0	0	0
ENSOANG00000016985	16703	7911	5900	4222	10988
ENSOANG00000016671	0	0	0	0	0
ENSOANG00000026652	0	0	0	0	0
ENSOANG00000024999	0	0	1	0	20181
ENSOANG00000017013	241	638	394	503	935
ENSOANG00000027744	0	0	0	0	0
ENSOANG00000027785	0	0	0	0	0
ENSOANG00000027755	0	0	0	0	0
ENSOANG00000027206	0	0	0	0	0
ENSOANG00000026062	0	0	0	0	0
ENSOANG00000016834	10	2	0	0	1
ENSOANG00000025170	0	0	0	0	18
ENSOANG00000017042	97	1019	123	20	68
ENSOANG00000016992	1480	326	642	676	714
ENSOANG00000016133	21	49	33	46	11
ENSOANG00000017079	940	543	23	4562	399
ENSOANG00000027435	0	0	0	0	0
ENSOANG00000027724	0	0	0	0	0
ENSOANG00000027455	0	0	0	0	0
ENSOANG00000016236	0	0	0	0	0
ENSOANG00000027997	0	0	0	0	0
ENSOANG00000024827	1	2	1	1	2
ENSOANG00000016310	0	0	0	0	0
ENSOANG00000027630	0	0	0	0	0
ENSOANG00000025117	0	0	0	0	1623
ENSOANG00000027040	0	0	0	0	0
ENSOANG00000026302	42	14	13	20	0
ENSOANG00000028218	0	0	0	0	0
ENSOANG00000017072	483	596	35	346	69
ENSOANG00000025355	0	0	0	0	0
ENSOANG00000024527	0	0	0	0	0
ENSOANG00000026164	7	0	1	0	0
ENSOANG00000026979	0	1	0	0	18
ENSOANG00000017056	1130	570	0	0	11
ENSOANG00000027397	0	0	0	0	0
ENSOANG00000027922	0	0	0	0	0
ENSOANG00000028056	0	0	0	0	0
ENSOANG00000016520	1	0	1	1	0
ENSOANG00000016453	13	17	13	8	7
ENSOANG00000016775	12	5	2	0	0
ENSOANG00000027352	0	0	0	0	0
ENSOANG00000026881	0	0	0	0	0
ENSOANG00000027325	0	0	0	0	0
ENSOANG00000022853	6	5	2	1	26
ENSOANG00000027978	31	24	99	17	383
ENSOANG00000025964	0	0	0	0	989
ENSOANG00000016647	62	39	0	0	21
ENSOANG00000016983	364	73	85	98	57
ENSOANG00000027967	0	0	0	0	0
ENSOANG00000026957	1	1	5	1	96
ENSOANG00000027186	0	0	0	0	0
ENSOANG00000016214	21	11	3	39	5
ENSOANG00000026864	0	0	0	0	0
ENSOANG00000016812	0	0	0	0	0
ENSOANG00000016954	0	0	1	0	0
ENSOANG00000026931	0	0	0	0	0
ENSOANG00000027652	0	0	0	1	0
ENSOANG00000025782	0	0	0	0	0
ENSOANG00000024915	0	0	0	0	11
ENSOANG00000016962	0	0	2	0	0
ENSOANG00000016677	0	0	0	0	0
ENSOANG00000023279	0	0	0	0	0
ENSOANG00000026680	0	0	0	0	0
ENSOANG00000022799	0	1	3	0	103
ENSOANG00000028189	0	0	0	0	0
ENSOANG00000016081	318	220	227	127	54
ENSOANG00000016989	919	696	612	362	375
ENSOANG00000027192	0	0	0	0	0
ENSOANG00000017037	0	0	0	0	0
ENSOANG00000025575	0	0	0	0	0
ENSOANG00000027856	0	0	0	0	0
ENSOANG00000016590	811	997	4331	1880	119
ENSOANG00000026472	1	0	0	0	1071
ENSOANG00000024689	0	0	0	0	0
ENSOANG00000027694	0	0	0	0	0
ENSOANG00000027402	0	0	0	0	0
ENSOANG00000027467	0	0	0	0	0
ENSOANG00000024625	22	44	12	20	9
ENSOANG00000028084	0	0	0	0	0
ENSOANG00000027225	0	0	0	0	0
ENSOANG00000027665	0	0	0	0	0
ENSOANG00000025958	9	4	1	15	64
ENSOANG00000025556	0	0	2	3	0
ENSOANG00000027334	0	0	0	0	0
ENSOANG00000027440	0	0	0	0	0
ENSOANG00000025684	10	4	23	11	102
ENSOANG00000017004	0	0	0	0	0
ENSOANG00000027177	0	0	0	0	0
ENSOANG00000028143	0	0	0	0	0
ENSOANG00000023949	0	0	0	0	0
ENSOANG00000026701	1	4	15	1	188
ENSOANG00000016401	11715	26826	4068	4450	4644
ENSOANG00000016306	512	175	148	179	142
ENSOANG00000027568	0	0	0	0	0
ENSOANG00000016738	0	0	0	0	0
ENSOANG00000027029	0	0	0	0	0
ENSOANG00000027122	0	0	0	0	0
ENSOANG00000022839	0	0	0	0	0
ENSOANG00000016138	0	0	0	0	0
ENSOANG00000024798	0	0	0	0	0
ENSOANG00000027283	0	0	0	0	0
ENSOANG00000017028	0	1	2	0	7
ENSOANG00000016235	0	0	0	0	0
ENSOANG00000026141	0	0	0	0	0
ENSOANG00000026392	0	0	1	0	0
ENSOANG00000027185	0	0	0	0	0
ENSOANG00000026700	0	0	0	0	151
ENSOANG00000024752	0	0	0	0	57
ENSOANG00000016606	0	0	0	0	3
ENSOANG00000016153	5	7	3	2	16
ENSOANG00000027405	0	0	0	0	0
ENSOANG00000026190	6	0	17	6	23
ENSOANG00000027640	0	0	0	0	0
ENSOANG00000016285	135	41	57	81	52
ENSOANG00000026576	0	0	0	0	6
ENSOANG00000027884	0	0	0	0	0
ENSOANG00000026383	0	0	0	0	32
ENSOANG00000026808	0	0	0	0	0
ENSOANG00000017055	740	641	0	0	0
ENSOANG00000016900	59	19	34	9	3
ENSOANG00000016454	5	4	0	1	0
ENSOANG00000025711	0	0	0	0	18
ENSOANG00000027796	0	0	0	0	3
ENSOANG00000027572	0	0	1	0	0
ENSOANG00000024193	0	0	0	0	0
ENSOANG00000017044	0	0	0	0	0
ENSOANG00000027939	0	0	0	0	0
ENSOANG00000016820	0	0	3	0	2
ENSOANG00000026892	0	0	0	0	0
ENSOANG00000027722	0	0	0	0	0
ENSOANG00000028005	0	0	0	0	0
ENSOANG00000026025	0	0	1	0	16031
ENSOANG00000028207	0	0	0	0	0
ENSOANG00000024673	0	1	0	0	1064
ENSOANG00000016565	0	0	0	0	0
ENSOANG00000016994	0	0	0	0	0
ENSOANG00000026095	0	0	7	1	11
ENSOANG00000025871	0	0	0	0	0
ENSOANG00000027240	0	0	0	0	0
ENSOANG00000017041	0	0	0	0	0
ENSOANG00000017038	0	0	0	496	1
ENSOANG00000026947	0	0	0	0	0
ENSOANG00000016474	351	21	0	0	173
ENSOANG00000026503	361	111	600	216	95
ENSOANG00000027672	0	0	0	0	0
ENSOANG00000022825	0	0	0	0	0
ENSOANG00000022783	0	0	0	0	0
ENSOANG00000028047	0	0	0	0	0
ENSOANG00000027664	0	0	0	0	0
ENSOANG00000027284	0	0	0	0	0
ENSOANG00000025647	2	2	0	1	0
ENSOANG00000027264	0	0	0	0	0
ENSOANG00000016981	0	78	0	0	0
ENSOANG00000027877	0	0	0	0	0
ENSOANG00000027076	0	0	0	0	0
ENSOANG00000027357	0	0	0	0	0
ENSOANG00000027867	0	0	0	0	0
ENSOANG00000017077	646	351	333	83	182
ENSOANG00000022810	0	0	0	0	0
ENSOANG00000027003	0	0	0	0	0
ENSOANG00000016348	12	4	5	0	5
ENSOANG00000027995	0	0	0	0	0
ENSOANG00000026443	7	5	0	0	30711
ENSOANG00000027111	0	0	0	0	0
ENSOANG00000016421	33	13	6	20	1
ENSOANG00000017071	23	2	84	14	72
ENSOANG00000016432	0	0	2	977	0
ENSOANG00000016530	0	0	0	1	0
ENSOANG00000016556	30	264	0	1	0
ENSOANG00000017003	5399	1447	0	6	71
ENSOANG00000027699	0	0	0	0	0
ENSOANG00000025651	0	0	0	0	480
ENSOANG00000016463	0	0	0	0	0
ENSOANG00000027118	0	0	0	0	0
ENSOANG00000016261	22	7	10	8	0
ENSOANG00000027620	0	0	0	0	0
ENSOANG00000024557	0	0	1	0	0
ENSOANG00000022838	2	3	0	0	5
ENSOANG00000017032	7	11	42	11	3285
ENSOANG00000016365	0	0	2	0	4
ENSOANG00000027359	0	0	0	0	0
ENSOANG00000027788	0	0	0	0	0
ENSOANG00000027293	0	0	0	0	0
ENSOANG00000026981	0	0	0	0	0
ENSOANG00000024120	0	0	0	0	0
ENSOANG00000022851	0	0	0	0	0
ENSOANG00000016522	2	1	1	0	0
ENSOANG00000026460	7	3	0	22	0
ENSOANG00000016130	0	0	0	0	0
ENSOANG00000026759	0	4	0	0	2128
ENSOANG00000025736	10	4	1	14	1
ENSOANG00000016286	0	4	0	0	0
ENSOANG00000023598	0	0	0	0	0
ENSOANG00000027915	0	0	0	0	0
ENSOANG00000027839	0	0	0	0	0
ENSOANG00000016406	179	241	0	5	109
ENSOANG00000023249	22	6	1	1	34
ENSOANG00000028068	0	0	0	0	0
ENSOANG00000027161	0	0	0	0	0
ENSOANG00000027503	0	0	0	0	0
ENSOANG00000027400	0	0	0	0	0
ENSOANG00000025888	0	0	0	0	0
ENSOANG00000016934	24	30	0	1	44
ENSOANG00000022830	57	31	0	0	0
ENSOANG00000016681	1	0	0	1	0
ENSOANG00000027065	0	0	0	0	0
ENSOANG00000025622	0	0	1	0	1
ENSOANG00000024572	2	3	1	1	0
ENSOANG00000017074	736	7298	24	3023	257
ENSOANG00000027893	0	0	0	0	0
ENSOANG00000027154	0	0	0	0	0
ENSOANG00000022849	0	0	0	0	0
ENSOANG00000017030	0	0	0	1	0
ENSOANG00000027091	0	0	0	0	0
ENSOANG00000027078	0	0	0	0	0
ENSOANG00000016319	12236	15358	10506	37353	29209
ENSOANG00000027180	0	0	0	0	0
ENSOANG00000027792	0	0	0	0	0
ENSOANG00000028015	0	0	0	0	0
ENSOANG00000026835	0	0	0	0	0
ENSOANG00000027786	0	0	0	0	0
ENSOANG00000016675	0	0	0	0	0
ENSOANG00000025912	2	1	0	0	0
ENSOANG00000016345	20	2	7	3	2
ENSOANG00000025435	0	0	0	0	2398
ENSOANG00000027544	0	0	0	0	0
ENSOANG00000016689	17803	23031	24113	29620	13115
ENSOANG00000016819	141	153	108	53	5
ENSOANG00000016490	0	0	0	0	0
ENSOANG00000026197	0	0	0	0	1
ENSOANG00000025511	0	1	0	0	568
ENSOANG00000016929	22	23	37	65	211
ENSOANG00000025232	0	0	0	0	0
ENSOANG00000016667	0	0	2	1	0
ENSOANG00000027511	0	0	0	0	0
ENSOANG00000027955	0	0	0	0	0
ENSOANG00000026820	0	0	0	0	0
ENSOANG00000016142	37	22	4	108	4
ENSOANG00000024467	9	0	0	0	5
ENSOANG00000016208	3	2	2	26	39
ENSOANG00000017062	8742	25033	4311	22341	2309
ENSOANG00000026695	5	8	0	6	0
ENSOANG00000027702	0	0	0	0	0
ENSOANG00000016884	150	97	244	125	68
ENSOANG00000017006	2	1	2	463	3
ENSOANG00000028122	0	1	0	0	0
ENSOANG00000026829	0	0	0	0	0
ENSOANG00000016177	10	3	8	4	1
ENSOANG00000026126	0	1	0	0	1267
ENSOANG00000017009	134	68	774	285	104
ENSOANG00000025045	1	0	0	0	391
ENSOANG00000027019	0	0	0	0	0
ENSOANG00000016567	11	194	0	1	0
ENSOANG00000022809	0	0	1	0	5
ENSOANG00000028159	0	0	0	0	0
ENSOANG00000016660	35	21	8	15	10
ENSOANG00000023319	0	0	0	0	2
ENSOANG00000027600	0	0	0	0	0
ENSOANG00000027368	0	0	0	0	0
ENSOANG00000022821	48	109	44	62	98
ENSOANG00000016529	1	0	0	0	0
ENSOANG00000017023	3	2	3	4	11
ENSOANG00000027295	0	0	0	0	0
ENSOANG00000016898	0	0	0	0	0
ENSOANG00000025150	0	0	0	0	0
ENSOANG00000026048	0	2	0	2	1
ENSOANG00000023838	0	0	0	0	0
ENSOANG00000027066	0	0	0	0	0
ENSOANG00000025934	2	2	0	0	0
ENSOANG00000022864	0	0	0	0	0
ENSOANG00000022806	0	0	0	0	0
ENSOANG00000016659	0	0	0	0	0
ENSOANG00000027303	0	0	0	0	0
ENSOANG00000027977	0	0	0	0	0
ENSOANG00000024644	0	0	0	0	0
ENSOANG00000016447	8696	392	564	190	651
ENSOANG00000017001	7315	1948	2661	651	1083
ENSOANG00000016297	0	0	0	0	0
ENSOANG00000025483	5	3	6	0	0
ENSOANG00000025913	0	1	0	0	0
ENSOANG00000017029	7	8	2	2	5
ENSOANG00000024583	0	0	0	0	0
ENSOANG00000026179	0	0	0	0	0
ENSOANG00000016996	0	0	0	0	0
ENSOANG00000017016	0	0	0	0	0
ENSOANG00000024555	0	0	0	0	0
ENSOANG00000027750	0	0	0	0	0
ENSOANG00000024174	0	0	0	0	0
ENSOANG00000025285	2	1	0	1	6
ENSOANG00000022787	0	0	0	0	0
ENSOANG00000025929	185	270	3	7	4
ENSOANG00000027090	0	0	0	0	0
ENSOANG00000016593	0	0	0	1	2
ENSOANG00000017017	1	0	2	0	0
ENSOANG00000017039	1	2	0	0	0
ENSOANG00000017078	3098	1765	613	439	1011
ENSOANG00000017046	6	7	93863	34	11
ENSOANG00000017012	0	0	0	0	0
ENSOANG00000016795	9	10	3	8	16
ENSOANG00000027580	0	0	0	0	0
ENSOANG00000016847	3	10	9	35	8
ENSOANG00000027697	0	0	0	0	0
ENSOANG00000016233	0	0	0	0	0
ENSOANG00000016502	35	62	1	4	2
ENSOANG00000027191	0	0	0	0	0
ENSOANG00000027527	0	0	0	0	0
ENSOANG00000026876	0	0	0	0	0
ENSOANG00000017075	37	60	64	75	167
ENSOANG00000016979	293	188	457	89	298
ENSOANG00000028187	0	0	0	0	0
ENSOANG00000022846	0	0	0	0	0
ENSOANG00000016084	4239	7400	8405	3587	2680
ENSOANG00000016988	35	4	204	5	30
ENSOANG00000016155	42	11	2	20	61
ENSOANG00000027575	0	0	0	0	0
ENSOANG00000016141	17	8	6	10	4
ENSOANG00000027512	0	0	0	0	0
ENSOANG00000027655	0	0	0	0	0
ENSOANG00000027274	0	0	0	0	0
ENSOANG00000027426	0	0	0	0	0
ENSOANG00000016279	16	272	43	0	5
ENSOANG00000024929	0	0	0	0	148
ENSOANG00000016202	7728	24428	3269	57346	5344
ENSOANG00000027890	0	0	0	0	0
ENSOANG00000026352	13	4	0	1	4
ENSOANG00000027954	0	0	0	0	0
ENSOANG00000022779	0	1	0	0	0
ENSOANG00000017043	104	68	52	86	101
ENSOANG00000022823	0	0	0	0	0
ENSOANG00000022842	0	0	0	0	1
ENSOANG00000016507	1153	988	699	554	647
ENSOANG00000026773	0	11	1	0	3114
ENSOANG00000016699	0	0	0	0	0
ENSOANG00000017069	0	0	0	0	0
ENSOANG00000026536	14	3	2	6	9
ENSOANG00000024597	0	2	0	0	0
ENSOANG00000027245	0	0	0	0	0
ENSOANG00000016313	99	35	19	13	18
ENSOANG00000027216	0	0	0	0	0
ENSOANG00000027756	0	0	0	0	0
ENSOANG00000027662	0	0	0	0	0
ENSOANG00000027444	0	0	0	0	0
ENSOANG00000016605	254	156	45	27	33
ENSOANG00000026675	0	1	0	0	5
ENSOANG00000016326	0	0	0	0	0
ENSOANG00000016809	86	205	4	33	5
ENSOANG00000027674	0	0	0	0	0
ENSOANG00000026526	0	0	0	0	0
ENSOANG00000016301	178	72	677	604	1128
ENSOANG00000017066	5222	3412	49053	14844	783
ENSOANG00000027010	0	0	0	0	0
ENSOANG00000027017	0	0	0	0	0
ENSOANG00000024908	2	4	1	0	40
ENSOANG00000025333	0	0	0	0	0
ENSOANG00000027837	0	0	0	0	0
ENSOANG00000027993	0	0	0	0	0
ENSOANG00000027841	0	0	0	0	0
ENSOANG00000017011	5	7	11	8	22
ENSOANG00000016304	0	0	1	1	6
ENSOANG00000026063	0	0	0	0	67
ENSOANG00000017005	20	12	46	2	21
ENSOANG00000016652	0	0	0	0	0
ENSOANG00000017048	284	346	309	138	403
ENSOANG00000025055	0	0	0	0	266
ENSOANG00000028227	0	0	0	0	0
ENSOANG00000026827	0	0	0	0	0
ENSOANG00000022832	0	0	0	0	0
ENSOANG00000027221	0	0	0	0	0
ENSOANG00000016249	0	0	0	0	0
ENSOANG00000017067	0	0	0	0	0
ENSOANG00000026671	0	0	0	0	25
ENSOANG00000027175	0	0	0	0	0
ENSOANG00000027941	0	0	0	0	0
ENSOANG00000026399	0	0	0	0	1
ENSOANG00000025328	1	1	1	0	16
ENSOANG00000017025	660	2276	717	217	75
ENSOANG00000026349	0	0	0	0	0
ENSOANG00000028057	0	0	0	0	0
ENSOANG00000025311	0	3	1	2	0
ENSOANG00000025372	2	4	0	0	2
ENSOANG00000016339	61	14	0	0	14
ENSOANG00000016510	775	1792	392	22770	970
ENSOANG00000027565	0	0	0	0	0
ENSOANG00000016991	0	0	2	0	0
ENSOANG00000016594	3731	1651	988	1199	361
ENSOANG00000027542	0	0	0	0	0
ENSOANG00000026910	0	0	0	0	0
ENSOANG00000024565	0	1	0	0	0
ENSOANG00000028217	0	0	0	0	0
ENSOANG00000023397	1	0	2	0	9
ENSOANG00000028050	0	0	0	0	0
ENSOANG00000017002	0	0	0	0	0
ENSOANG00000025342	0	0	0	0	211
ENSOANG00000017073	0	0	0	0	0
ENSOANG00000027115	0	0	0	0	0
ENSOANG00000017020	0	0	0	0	0
ENSOANG00000016715	2	0	2	0	2
ENSOANG00000016997	0	0	0	0	0
ENSOANG00000027770	0	0	0	0	0
ENSOANG00000016831	269	186	44	57	194
ENSOANG00000016410	0	0	0	0	0
ENSOANG00000028003	1	1	0	0	4
ENSOANG00000025607	0	0	0	0	0
ENSOANG00000026376	0	1	0	0	13774
ENSOANG00000024684	0	3	3	0	15
ENSOANG00000027509	0	0	0	0	0
ENSOANG00000025089	0	0	0	0	57
ENSOANG00000016580	0	0	0	0	0
ENSOANG00000024326	0	0	0	0	0
ENSOANG00000025252	5	5	0	1	6
ENSOANG00000016535	2040	6953	15	7	42
ENSOANG00000017076	1	1	1	0	6
ENSOANG00000027602	0	0	0	0	0
ENSOANG00000026894	0	0	0	0	0
ENSOANG00000022843	0	0	0	0	0
ENSOANG00000025830	69	16	6	5	4
ENSOANG00000017051	0	0	0	0	0
ENSOANG00000017060	34	74	84	5	30
ENSOANG00000025984	0	0	0	0	0
ENSOANG00000027070	0	0	0	0	0
ENSOANG00000017080	0	0	0	0	0
ENSOANG00000027903	0	0	0	0	0
ENSOANG00000016728	0	0	0	0	0
ENSOANG00000027321	0	0	0	0	0
ENSOANG00000022786	0	0	0	0	0
ENSOANG00000027720	0	0	0	0	0
ENSOANG00000027479	0	0	0	0	0
ENSOANG00000017061	0	0	0	0	0
ENSOANG00000017010	1376	30	14	28	10
ENSOANG00000016987	0	0	0	0	0
ENSOANG00000026905	0	0	0	0	0
ENSOANG00000027533	0	0	0	0	0
ENSOANG00000026982	0	0	0	0	0
ENSOANG00000016703	2	2	2	0	5
ENSOANG00000016561	0	0	0	0	0
ENSOANG00000027420	0	0	0	0	0
ENSOANG00000025595	0	0	0	0	0
ENSOANG00000026332	0	1	0	0	4294
ENSOANG00000028113	0	0	0	0	0
ENSOANG00000022826	0	0	0	0	0
ENSOANG00000024828	174	232	303	1375	142
ENSOANG00000028162	0	0	0	0	0
ENSOANG00000016082	0	0	0	0	2
ENSOANG00000028195	0	0	0	0	0
ENSOANG00000017007	89	3	1	0	2
ENSOANG00000017047	0	0	0	0	0
ENSOANG00000016676	4582	1551	768	379	895
ENSOANG00000026019	9	0	0	0	0
ENSOANG00000016838	0	0	0	0	0
ENSOANG00000017024	63	151	164	298	299
ENSOANG00000016589	2	9	1	4	0
ENSOANG00000025947	0	1	0	0	2223
ENSOANG00000023090	0	0	0	0	0
ENSOANG00000027787	0	0	0	0	0
ENSOANG00000024934	0	0	0	0	0
ENSOANG00000016581	357	76	172	63	23
ENSOANG00000027375	0	0	0	0	0
ENSOANG00000027982	21	3	524	203	33
ENSOANG00000025688	0	0	0	0	0
ENSOANG00000027670	0	0	0	0	0
ENSOANG00000024896	2	7	0	1	898
ENSOANG00000028082	0	0	0	0	0
ENSOANG00000016977	21181	19100	31709	12260	51291
ENSOANG00000027037	0	0	0	0	0
ENSOANG00000026560	0	0	0	0	386
ENSOANG00000027468	0	0	0	0	0
ENSOANG00000028216	0	0	0	0	0
ENSOANG00000022819	0	2	4	2	49
ENSOANG00000027263	0	0	0	0	0
ENSOANG00000016777	1569	2705	8359	3057	4786
ENSOANG00000027126	0	0	0	0	0
ENSOANG00000027260	0	0	0	0	0
ENSOANG00000017018	2629	288	30	10	2044
ENSOANG00000016702	10	42	3	50	3
ENSOANG00000027193	0	0	0	0	0
ENSOANG00000026534	0	0	0	0	0
ENSOANG00000017008	0	0	0	0	0
ENSOANG00000027881	0	0	0	0	0
ENSOANG00000027322	0	0	0	0	0
ENSOANG00000027721	0	0	0	0	0
ENSOANG00000016714	0	0	3	0	5
ENSOANG00000025172	8	1	39	6	0
ENSOANG00000022795	0	0	0	0	0
ENSOANG00000025073	0	0	0	0	128
ENSOANG00000017045	1354	126	96	60	104
ENSOANG00000027006	0	0	0	0	0
ENSOANG00000017040	0	0	0	0	0
ENSOANG00000017036	0	0	19	0	0
ENSOANG00000026555	9	3	0	2	0
ENSOANG00000028010	0	0	0	0	0
ENSOANG00000027811	0	0	0	0	0
ENSOANG00000027729	0	0	0	0	0
ENSOANG00000016361	1	2	8	0	236
ENSOANG00000027979	0	0	0	0	0
ENSOANG00000027676	0	0	0	0	0
ENSOANG00000027030	0	0	0	0	0
ENSOANG00000023272	0	0	0	0	0
ENSOANG00000027087	0	0	0	0	0
ENSOANG00000027462	0	0	0	0	0
ENSOANG00000016336	0	0	0	0	0
ENSOANG00000027782	0	0	0	0	0
ENSOANG00000025208	0	0	0	0	61
ENSOANG00000024994	0	0	0	0	1
ENSOANG00000022798	0	0	0	0	1
ENSOANG00000025789	0	0	0	0	14
ENSOANG00000024204	0	0	3	0	1
ENSOANG00000027988	0	0	0	0	0
ENSOANG00000024553	0	0	0	0	5
ENSOANG00000022797	0	0	0	0	0
ENSOANG00000026785	0	0	0	0	72
ENSOANG00000024567	0	0	0	0	356
ENSOANG00000025193	0	0	0	2	0
ENSOANG00000027341	0	0	0	1	0
ENSOANG00000026061	0	0	0	0	67
ENSOANG00000026308	0	0	0	0	0
ENSOANG00000026220	0	0	0	0	105
ENSOANG00000022852	0	0	0	0	0
ENSOANG00000025563	0	0	0	0	64
ENSOANG00000017050	0	0	1	0	0
ENSOANG00000026246	0	0	0	0	0
ENSOANG00000025377	0	0	0	0	94
ENSOANG00000027829	0	0	0	0	0
ENSOANG00000026360	0	0	0	0	0
ENSOANG00000024658	0	0	0	0	0
ENSOANG00000026271	0	0	0	0	181
ENSOANG00000023759	0	0	0	0	0
ENSOANG00000023301	0	0	0	0	0
ENSOANG00000024659	0	0	0	0	28
ENSOANG00000022829	0	0	0	0	0
ENSOANG00000026174	0	0	0	0	1
ENSOANG00000022789	0	0	0	0	0
ENSOANG00000025024	0	0	1	1	1
ENSOANG00000023218	0	0	0	0	0
ENSOANG00000017057	0	0	0	0	0
ENSOANG00000026767	0	0	0	0	0
ENSOANG00000025636	0	0	0	0	18
ENSOANG00000026518	0	0	0	0	69
ENSOANG00000024535	0	0	0	1	0
ENSOANG00000024687	0	0	0	0	8
ENSOANG00000016455	0	0	0	0	0
ENSOANG00000026140	0	0	0	0	0
ENSOANG00000025748	0	0	0	0	49
ENSOANG00000027304	0	1	0	0	0
ENSOANG00000022781	0	0	0	0	0
ENSOANG00000026777	0	0	0	0	0
ENSOANG00000024494	0	1	0	0	188
ENSOANG00000026274	0	0	0	0	0
ENSOANG00000016278	0	0	0	0	0
ENSOANG00000025510	0	0	0	0	55
ENSOANG00000022813	0	0	0	0	0
ENSOANG00000022837	0	0	1	0	2
ENSOANG00000025703	0	0	0	0	0
ENSOANG00000026917	0	0	0	0	9
ENSOANG00000022831	0	0	0	0	3
ENSOANG00000016961	0	0	0	0	0
ENSOANG00000026010	0	0	0	0	11
ENSOANG00000024829	0	0	0	0	1
ENSOANG00000025467	0	2	0	0	1148
ENSOANG00000025772	0	0	0	0	0
ENSOANG00000026167	0	0	0	0	0
ENSOANG00000027463	0	0	0	0	2
ENSOANG00000025886	0	1	0	0	6
ENSOANG00000025935	0	0	0	0	140
ENSOANG00000024756	0	0	0	0	6
ENSOANG00000026647	0	0	0	0	42
ENSOANG00000024943	0	0	0	0	59
ENSOANG00000022848	0	0	0	0	1
ENSOANG00000016788	0	0	0	0	0
ENSOANG00000022854	0	0	0	0	2
ENSOANG00000025451	0	0	0	0	0
ENSOANG00000025417	0	0	0	0	178
ENSOANG00000023714	0	0	0	0	0
ENSOANG00000025476	0	0	0	0	0
ENSOANG00000022802	0	0	0	0	0
ENSOANG00000017049	0	0	0	0	0
ENSOANG00000024592	0	0	0	0	0
ENSOANG00000017063	0	0	1	475	6
ENSOANG00000022792	0	0	0	0	1
ENSOANG00000022845	0	0	0	0	0
ENSOANG00000016562	0	0	0	0	0
ENSOANG00000024806	0	0	0	0	0
ENSOANG00000025470	0	0	0	0	87
ENSOANG00000023742	0	0	0	0	0
ENSOANG00000024882	0	0	0	0	0
ENSOANG00000026889	0	0	0	0	0
ENSOANG00000026649	0	0	1	0	67
ENSOANG00000017053	0	0	1	0	1
ENSOANG00000025373	0	0	0	0	0
ENSOANG00000026549	0	0	0	0	0
ENSOANG00000022828	0	0	0	0	0
ENSOANG00000024697	0	0	1	0	0
ENSOANG00000025229	0	0	0	0	0
ENSOANG00000025654	0	0	0	0	0
ENSOANG00000027554	0	0	0	0	0
ENSOANG00000016375	0	0	0	4	0
ENSOANG00000027532	0	0	0	0	0
ENSOANG00000024780	0	0	0	0	0
ENSOANG00000025173	0	0	0	0	0
ENSOANG00000025660	0	0	0	0	0
ENSOANG00000023866	0	0	0	0	2
ENSOANG00000026535	0	0	0	1	0
ENSOANG00000024627	0	0	0	0	6
ENSOANG00000025967	0	0	0	0	1
ENSOANG00000026491	0	0	0	0	0
ENSOANG00000025292	0	0	0	0	2
ENSOANG00000025318	0	0	0	0	26
ENSOANG00000025069	0	0	0	0	0
ENSOANG00000025891	0	0	0	0	0
ENSOANG00000025183	0	0	0	0	5
ENSOANG00000024729	0	0	0	0	2
ENSOANG00000024724	0	0	0	0	0
ENSOANG00000026003	0	0	0	0	47
ENSOANG00000025038	0	0	0	0	0
ENSOANG00000024998	0	0	0	0	13
ENSOANG00000025859	0	0	0	0	0
ENSOANG00000025854	0	0	0	0	0
ENSOANG00000026068	0	0	0	0	0
ENSOANG00000026432	0	0	0	0	4
ENSOANG00000025214	0	0	0	0	4
ENSOANG00000025610	0	0	0	0	31
ENSOANG00000026636	0	0	0	0	47
ENSOANG00000026662	0	0	0	0	152
ENSOANG00000026539	0	0	0	0	109
ENSOANG00000026583	0	0	0	0	0
ENSOANG00000025568	0	0	0	0	52
ENSOANG00000025863	0	0	0	0	0
ENSOANG00000026519	0	0	0	0	0
ENSOANG00000025582	0	0	0	0	19
ENSOANG00000025433	0	0	0	0	0
ENSOANG00000026771	0	0	0	0	0
ENSOANG00000025508	0	0	0	0	6
ENSOANG00000026525	0	0	0	0	60
ENSOANG00000024957	0	0	0	0	37
ENSOANG00000026612	0	0	0	0	13
ENSOANG00000025114	0	0	0	0	102
ENSOANG00000025561	0	0	0	0	2
