Brain_Indiv1	Cerebellum_Indiv1	Heart_Indiv1	Kidney_Indiv1	Testis_Indiv1
ENSMODG00000026866	0	0	0	0	0
ENSMODG00000026291	1	0	0	0	48
ENSMODG00000022365	510	151	17	43	1909
ENSMODG00000026796	0	0	0	0	0
ENSMODG00000026681	10	10	0	0	2
ENSMODG00000025866	1680	4	194	24254	11
ENSMODG00000026411	0	0	0	0	0
ENSMODG00000026277	1	0	2	1	21
ENSMODG00000022411	1864	30	113	122	45
ENSMODG00000025888	2184	14454	910	1332	67
ENSMODG00000026452	146	3	2	7227	2
ENSMODG00000026428	6	112	4	0	0
ENSMODG00000026836	0	1	0	0	1
ENSMODG00000025828	2967	111	377	395	76
ENSMODG00000025918	101164	27288	175236	395066	24299
ENSMODG00000026271	0	0	0	0	0
ENSMODG00000026398	1	0	0	0	0
ENSMODG00000026373	3613	47855	1539	13536	1905
ENSMODG00000025945	2	0	1	0	0
ENSMODG00000026430	0	0	0	0	0
ENSMODG00000026446	347	936	357	313	152
ENSMODG00000022425	4033	1290	2388	4455	3017
ENSMODG00000026665	0	0	0	0	0
ENSMODG00000025923	415	1335	1710	1924	171
ENSMODG00000022444	1009	673	3242	1335	882
ENSMODG00000027299	0	0	0	0	0
ENSMODG00000022429	4638	6093	7545	6839	2013
ENSMODG00000022479	639	22	90	84	15
ENSMODG00000022414	73	52	130	707	37
ENSMODG00000027084	0	0	0	0	0
ENSMODG00000026441	0	0	0	0	0
ENSMODG00000025952	797	0	6	2953	2
ENSMODG00000026845	0	0	0	0	0
ENSMODG00000026257	0	0	0	0	0
ENSMODG00000025909	1	0	239	1	0
ENSMODG00000026772	0	0	4	0	28
ENSMODG00000027068	1001	28	474	444	5181
ENSMODG00000025842	149	61	73	973	113
ENSMODG00000023005	1229	20523	86	130	322
ENSMODG00000025812	0	0	0	0	0
ENSMODG00000022390	707	17303	50	72	61
ENSMODG00000025852	0	0	0	0	0
ENSMODG00000022436	411	2215	14	0	1
ENSMODG00000025843	0	0	0	0	0
ENSMODG00000026295	0	0	0	0	0
ENSMODG00000025839	14	2	221	70	3021
ENSMODG00000022399	534	40	5	20	6
ENSMODG00000025896	2328	964	44	27	204
ENSMODG00000022426	1761	188	219	145	408
ENSMODG00000022467	116	171	2854	435746	27884
ENSMODG00000026228	12	2	14	20	319
ENSMODG00000026417	0	0	0	0	0
ENSMODG00000025835	64	1	3	3	2
ENSMODG00000025937	2905	296	1557	437	47
ENSMODG00000025992	601	501	558	924	86
ENSMODG00000025882	2654	150	10440	12904	793
ENSMODG00000025873	3624	1048	20	24	1196
ENSMODG00000026943	0	0	0	0	0
ENSMODG00000026396	0	0	1	0	0
ENSMODG00000027273	371	87	100	137	64
ENSMODG00000025892	6286	308	9784	14660	2654
ENSMODG00000025809	1	6	2	0	0
ENSMODG00000027117	2	3	6	2	8
ENSMODG00000026424	496	13	1	0	0
ENSMODG00000025872	6692	23382	6455	2731	366
ENSMODG00000026326	1137	24	0	0	0
ENSMODG00000022461	3142	16	46	932	13
ENSMODG00000025885	15602	75	47294	7264	495
ENSMODG00000026748	0	0	0	0	0
ENSMODG00000022374	3	0	0	0	0
ENSMODG00000026340	0	0	0	0	0
ENSMODG00000025905	480	93652	35	209	313
ENSMODG00000026783	0	0	0	0	0
ENSMODG00000025949	4	0	0	0	1
ENSMODG00000025889	7	0	0	0	3
ENSMODG00000022455	7	0	0	0	0
ENSMODG00000025857	30469	3244	14546	27049	4249
ENSMODG00000025792	0	0	11	0	1
ENSMODG00000022420	2	0	1219	1	0
ENSMODG00000025838	11	0	0	0	0
ENSMODG00000025877	81	12	37	26	21
ENSMODG00000026361	0	0	0	0	0
ENSMODG00000022440	113	4	125	81	6
ENSMODG00000026359	3046	10585	108	50	96
ENSMODG00000026232	3	0	0	0	0
ENSMODG00000025898	0	0	0	0	0
ENSMODG00000026372	1307	2767	4089	1072	1452
ENSMODG00000025870	264919	164170	202561	1930006	90487
ENSMODG00000026190	3	0	992	2	1
ENSMODG00000026381	1	3	0	0	0
ENSMODG00000026337	0	0	0	0	1
ENSMODG00000026293	1	0	0	0	0
ENSMODG00000022472	74660	690	428492	188176	9208
ENSMODG00000026432	0	0	0	0	0
ENSMODG00000027280	0	0	0	0	0
ENSMODG00000026324	0	0	0	0	0
ENSMODG00000026182	2	1	0	0	0
ENSMODG00000026426	23527	10	109	160	241
ENSMODG00000026384	0	0	0	0	0
ENSMODG00000026353	0	0	0	0	0
ENSMODG00000026513	2323	1	0	4	7
ENSMODG00000022395	51155	3	315	3	1
ENSMODG00000026300	0	0	0	0	0
ENSMODG00000025824	16811	643	286	70	141
ENSMODG00000025800	1403	611	465	420	328
ENSMODG00000025881	2184	21	372	237	147
ENSMODG00000026198	0	0	0	0	0
ENSMODG00000025798	0	3	1	0	1
ENSMODG00000022383	1933	5	103	104	58
ENSMODG00000025938	255	6	0	0	0
ENSMODG00000026415	0	0	0	0	0
ENSMODG00000025891	41	10	84	153	51
ENSMODG00000026890	0	0	0	1	0
ENSMODG00000022465	50	306	0	0	0
ENSMODG00000025805	3	3	7	7	3
ENSMODG00000026256	0	0	0	0	0
ENSMODG00000026397	1	0	0	0	0
ENSMODG00000026843	0	0	0	0	0
ENSMODG00000022373	2	0	0	1	0
ENSMODG00000022380	895	0	46	12	0
ENSMODG00000027165	9	41	46	4	25
ENSMODG00000026393	46	367	72	9	15
ENSMODG00000026304	1289	4240	0	1	0
ENSMODG00000022458	16560	79	55	453	29419
ENSMODG00000025863	0	0	0	0	0
ENSMODG00000027153	0	0	0	0	0
ENSMODG00000025902	67597	1435690	59690	336568	20207
ENSMODG00000026327	0	0	0	0	0
ENSMODG00000025959	569	423	219	129	60
ENSMODG00000025910	407	42	77	89	21
ENSMODG00000026341	9	10	1	8	2
ENSMODG00000025827	6074	723	118	192	4
ENSMODG00000025794	500	9	0	0	0
ENSMODG00000027077	0	0	0	0	0
ENSMODG00000026215	0	0	0	0	0
ENSMODG00000025853	819	3819	996	1311	889
ENSMODG00000025871	387	457	47	118	71
ENSMODG00000025867	14290	16996	11268	20923	4214
ENSMODG00000027131	1	1	0	0	0
ENSMODG00000026951	0	0	0	0	0
ENSMODG00000022366	445	2	102	186	43
ENSMODG00000025876	19	0	34	22	24
ENSMODG00000022387	99	24	3	13	3
ENSMODG00000022403	43	0	1	4	32
ENSMODG00000022975	1	0	4	0	0
ENSMODG00000027257	2	2	0	0	0
ENSMODG00000022412	156	110	139	74	52
ENSMODG00000025884	7970	54	25152	8125	385
ENSMODG00000026219	0	0	0	0	0
ENSMODG00000026814	294	0	16954	33	33
ENSMODG00000027290	0	0	0	0	0
ENSMODG00000025915	0	0	0	0	0
ENSMODG00000026279	3	5	3	0	1
ENSMODG00000025849	22	60	5	11	74
ENSMODG00000025802	0	0	0	0	0
ENSMODG00000025929	43	1	2	7	2
ENSMODG00000025911	3170	1460	957	698	443
ENSMODG00000022442	26	0	5	1	4
ENSMODG00000026346	0	0	0	0	0
ENSMODG00000022372	73	0	6	29	16
ENSMODG00000022468	413773	12339	395078	821211	351162
ENSMODG00000022422	95877	7850	48873	87427	12259
ENSMODG00000026433	0	0	0	0	0
ENSMODG00000026594	7	31	1	2	0
ENSMODG00000025922	12	0	0	0	0
ENSMODG00000025939	2	3	6	163	15
ENSMODG00000026145	3	4	0	0	0
ENSMODG00000025936	127	89	130	10559	13
ENSMODG00000022393	25959	3067	1639	5357	2020
ENSMODG00000022446	11223	10442	444	122	564
ENSMODG00000027105	0	0	0	0	0
ENSMODG00000022404	4175	829	1763	2529	428
ENSMODG00000025904	19669	105	2943	2096	456
ENSMODG00000025908	1843	1	206	27134	13
ENSMODG00000025799	0	0	0	0	0
ENSMODG00000025868	127	888	612	806	290
ENSMODG00000025947	154	20	1	0	104
ENSMODG00000022384	0	0	0	81	0
ENSMODG00000022375	554	0	89	376	48
ENSMODG00000025815	743	2	64	191	12
ENSMODG00000022452	2524	575	283	910	75
ENSMODG00000022481	1818	5928	5405	1305	263
ENSMODG00000022464	24315	480	50121	311073	27931
ENSMODG00000025833	0	0	0	0	0
ENSMODG00000022415	16	3	507	2	0
ENSMODG00000026805	0	1	3	1	0
ENSMODG00000022379	88555	426	1621	7695	514012
ENSMODG00000022430	240	311	241	463	52
ENSMODG00000026926	0	1	0	0	0
ENSMODG00000022480	12575	1651	4158	3687	1562
ENSMODG00000025932	1	0	0	0	0
ENSMODG00000026440	0	0	0	0	0
ENSMODG00000026283	0	0	0	0	0
ENSMODG00000025883	2	0	0	1	0
ENSMODG00000026438	711	5	2	360	1
ENSMODG00000026240	0	0	0	0	0
ENSMODG00000025879	76	121	185	19284	31
ENSMODG00000026179	0	0	0	0	0
ENSMODG00000026969	0	0	0	0	0
ENSMODG00000025901	119	2	37	9033	53
ENSMODG00000025925	2647	776	10	9	31
ENSMODG00000026348	0	0	0	0	0
ENSMODG00000022370	9	2	9	24	1
ENSMODG00000025956	815	8643	3068	9207	704
ENSMODG00000026342	0	0	0	0	0
ENSMODG00000025950	169	5	57	18	152
ENSMODG00000022433	13	86	8149	1014605	17603
ENSMODG00000022434	6	0	1	0	0
ENSMODG00000026370	156019	1165149	514	8039	8183
ENSMODG00000025819	71	72	123	208	148
ENSMODG00000026223	0	0	1	0	0
ENSMODG00000026318	0	0	0	0	0
ENSMODG00000022438	112	105	9	21	5
ENSMODG00000026259	0	0	0	0	0
ENSMODG00000025880	5028	254	3649	6074	963
ENSMODG00000027188	0	0	0	0	0
ENSMODG00000025841	8663	2992	17158	79619	8362
ENSMODG00000022400	42127	23237	89493	146339	93183
ENSMODG00000025916	7	0	10	0	0
ENSMODG00000026339	10214	87101	360	27026	1221
ENSMODG00000025875	4	0	1	19	1
ENSMODG00000026651	134	2	154	56	17
ENSMODG00000022371	4864	32986	24280	45543	6241
ENSMODG00000025854	0	0	0	0	0
ENSMODG00000025887	3306	1178	1951	1890	1168
ENSMODG00000026832	1	0	2	0	0
ENSMODG00000026267	0	0	0	0	0
ENSMODG00000025818	74	4	65	27	9
ENSMODG00000025894	2756	676	2090	3471	566
ENSMODG00000025851	3	2	0	86	51
ENSMODG00000022409	330	49	55	32	7
ENSMODG00000026362	5051	23241	789	1081	275
ENSMODG00000022368	117	251	2	27	4
ENSMODG00000025865	1	9	3	0	0
ENSMODG00000027012	0	0	0	0	0
ENSMODG00000026335	0	0	0	0	0
ENSMODG00000025878	1634	821	31	0	0
ENSMODG00000025946	5595	454	331	1960	353
ENSMODG00000025924	358	11	31	61	19
ENSMODG00000022986	291	41	5	2	3
ENSMODG00000027157	1	0	1	0	0
ENSMODG00000026214	0	7	0	0	1
ENSMODG00000026205	0	0	0	0	0
ENSMODG00000022474	68	115	2	20	4
ENSMODG00000025830	446	998	10	7	3
ENSMODG00000027226	0	0	0	0	0
ENSMODG00000025912	0	0	1	1	0
ENSMODG00000026835	0	6	0	0	2
ENSMODG00000022424	77668	120078	48991	33379	32749
ENSMODG00000022382	756	424	1172	1170	603
ENSMODG00000025917	184	424	302	178	155
ENSMODG00000025907	4200	3090	1469	714	140
ENSMODG00000026248	0	0	0	0	0
ENSMODG00000022392	39	0	9	22	13
ENSMODG00000025933	66	0	2	3	15
ENSMODG00000027069	0	0	0	0	0
ENSMODG00000025903	18799	7563	20089	26635	2000
ENSMODG00000026177	3	8	1	1	1
ENSMODG00000027023	0	0	0	0	0
ENSMODG00000026329	0	0	0	0	0
ENSMODG00000022984	152	5	59	41	33
ENSMODG00000025951	0	0	0	489	55
ENSMODG00000022453	610	308	2	5	8
ENSMODG00000026994	0	0	0	0	0
ENSMODG00000026859	0	0	0	0	0
ENSMODG00000026395	2143	18665	27	8	26
ENSMODG00000025869	26541	1072	22005	29082	3373
ENSMODG00000025886	170	6	44	51	19
ENSMODG00000026208	1971	13	6	2	53
ENSMODG00000025913	438	67	18	16	8
ENSMODG00000022410	35201	6711	37530	74453	3624
ENSMODG00000025900	16074	493	3216	6065	890
ENSMODG00000026273	1	0	1	0	0
ENSMODG00000023004	5	3	39	9	401
ENSMODG00000025793	0	0	0	0	0
ENSMODG00000026312	1349	20647	786	724	121
ENSMODG00000025844	7	9	2	1	0
ENSMODG00000026302	0	0	0	0	1
ENSMODG00000027019	0	0	0	0	0
ENSMODG00000022478	19168	2662	124	70	14
ENSMODG00000027141	0	0	0	0	0
ENSMODG00000025811	26	2	6	24	4
ENSMODG00000027093	0	0	0	0	0
ENSMODG00000025940	801	19	320	202	268
ENSMODG00000025893	39	2	1	1	2650
ENSMODG00000026371	0	0	0	0	0
ENSMODG00000022378	142872	194602	36207	1531	784
ENSMODG00000025840	0	0	0	0	0
ENSMODG00000022396	8716	12191	906	2	2
ENSMODG00000026425	0	0	0	0	0
ENSMODG00000026766	0	0	0	0	0
ENSMODG00000022475	1086	1087	2563	3992	500
ENSMODG00000025836	827	67	303	206	366
ENSMODG00000026181	0	0	0	0	0
ENSMODG00000022364	577	22	538	940	413
ENSMODG00000025899	50	181	26	76	29
ENSMODG00000026759	0	0	0	0	0
ENSMODG00000025897	325	2188	494	996	192
ENSMODG00000026429	0	0	0	0	0
ENSMODG00000026234	1	0	1	0	0
ENSMODG00000025957	6	2	1	10	5
ENSMODG00000027265	0	0	0	0	0
ENSMODG00000025837	9120	190105	1699	145	17
ENSMODG00000022401	91	0	1	1	3
ENSMODG00000025859	23144	360	1354	637	85
ENSMODG00000022469	515	6	22	17	340
ENSMODG00000022398	10104	712	1040	397	61
ENSMODG00000022441	107	19	54	53	8
ENSMODG00000022471	823	4	552	148	112
ENSMODG00000025921	8005	1	379	2376	376
ENSMODG00000026412	1413	31061	358	190	71
ENSMODG00000022443	11	8	0	2	0
ENSMODG00000025906	939	1306	4297	1875	483
ENSMODG00000026175	0	0	0	0	0
ENSMODG00000026427	0	0	2	0	0
ENSMODG00000026858	0	1	0	0	1
ENSMODG00000026333	0	0	0	0	0
ENSMODG00000026390	0	0	0	0	0
ENSMODG00000026285	0	0	0	0	0
ENSMODG00000026172	0	0	7	0	0
ENSMODG00000026407	0	0	0	0	0
ENSMODG00000027054	0	1	0	0	0
ENSMODG00000027076	0	0	0	0	0
ENSMODG00000026354	0	0	0	0	0
ENSMODG00000026206	0	0	0	0	0
ENSMODG00000026292	0	0	0	0	0
ENSMODG00000026207	0	0	0	0	0
ENSMODG00000026249	0	0	0	0	0
ENSMODG00000026380	0	0	0	0	0
ENSMODG00000026247	0	0	0	0	0
ENSMODG00000026197	0	0	0	0	0
ENSMODG00000026196	0	0	0	0	0
ENSMODG00000026423	0	1	0	0	0
ENSMODG00000026193	0	0	0	0	0
ENSMODG00000026323	0	0	0	0	0
ENSMODG00000026568	0	1	0	0	0
ENSMODG00000026180	0	0	0	0	0
ENSMODG00000026670	0	1	0	0	0
ENSMODG00000027122	0	0	1	0	0
ENSMODG00000026368	0	0	0	0	0
ENSMODG00000026751	0	1	3	0	0
ENSMODG00000026325	0	1	0	0	0
ENSMODG00000026356	0	0	0	0	0
ENSMODG00000027027	0	0	0	0	0
ENSMODG00000026405	0	0	1	0	0
ENSMODG00000026702	0	0	1	0	0
ENSMODG00000026230	0	0	0	0	0
ENSMODG00000026597	0	0	1	0	0
ENSMODG00000025861	0	0	125	0	0
ENSMODG00000026763	0	0	0	0	0
ENSMODG00000025817	0	0	1	0	0
ENSMODG00000025858	0	0	0	0	0
ENSMODG00000026261	0	0	0	0	0
ENSMODG00000026211	0	0	1	2	0
ENSMODG00000026444	0	0	1	0	0
ENSMODG00000026310	0	0	4	0	0
ENSMODG00000026535	0	0	1	0	0
ENSMODG00000026301	0	0	1	0	0
ENSMODG00000026226	0	0	3	0	0
ENSMODG00000026781	0	0	1	1	2
ENSMODG00000025928	0	0	0	0	0
ENSMODG00000025803	0	0	0	0	0
ENSMODG00000026212	0	0	1	0	0
ENSMODG00000026309	0	0	0	0	0
ENSMODG00000025808	0	0	0	0	0
ENSMODG00000025856	0	0	0	0	0
ENSMODG00000026221	0	0	0	0	0
ENSMODG00000026217	0	0	0	0	0
ENSMODG00000025814	0	0	1	244	0
ENSMODG00000026336	0	0	0	0	0
ENSMODG00000026303	0	0	0	1	0
ENSMODG00000025895	0	0	0	3	0
ENSMODG00000026641	0	0	0	1	1
ENSMODG00000025816	0	0	0	2	0
ENSMODG00000026400	0	0	0	0	0
ENSMODG00000025874	0	0	0	12	3
ENSMODG00000026186	0	0	0	0	1
ENSMODG00000026744	0	0	0	0	1
ENSMODG00000026949	0	0	0	0	0
ENSMODG00000027185	0	0	0	0	2
