Brain	Cerebellum	Heart	Kidney	Placenta	Testis
ENSMUSG00000077893	0	0	0	0	0	0
ENSMUSG00000080400	0	0	0	0	0	0
ENSMUSG00000065495	88	1051	147	12	81	2
ENSMUSG00000070144	0	0	25	0	0	0
ENSMUSG00000089433	1	5	0	0	193	3
ENSMUSG00000065586	1215	3	45	42	823	7
ENSMUSG00000065536	1145	71	214	301	1283	197
ENSMUSG00000088886	0	0	0	0	0	0
ENSMUSG00000088117	0	0	1	0	0	0
ENSMUSG00000076458	5	4	0	0	0	0
ENSMUSG00000065488	0	2	0	1174	72	7
ENSMUSG00000089213	13	59	25	6	927	21
ENSMUSG00000077941	2	3	0	0	193	0
ENSMUSG00000065617	162	449	5	0	215	1
ENSMUSG00000065535	36337	23049	734013	104919	16315	8459
ENSMUSG00000065491	866	45	11	0	0	5
ENSMUSG00000076323	0	0	0	0	0	0
ENSMUSG00000088619	1	1	0	0	55	3
ENSMUSG00000076361	44614	1033	1111	2602	307972	959
ENSMUSG00000089371	0	0	1	0	0	0
ENSMUSG00000089200	1	0	0	0	18	1
ENSMUSG00000065442	341	20	337	948	672	1505
ENSMUSG00000080654	0	0	0	0	23	2
ENSMUSG00000088287	0	0	0	0	0	0
ENSMUSG00000070109	112	202	74	99	171	100
ENSMUSG00000065404	1	0	5	0	1	209
ENSMUSG00000070106	3	4	11	51	5	2
ENSMUSG00000076044	0	0	0	0	0	0
ENSMUSG00000089570	0	0	0	0	0	0
ENSMUSG00000070074	33	273	14	30	508	6
ENSMUSG00000065478	710	371	18	2	6285	16
ENSMUSG00000088805	0	0	0	0	0	0
ENSMUSG00000065460	0	0	4	0	0	0
ENSMUSG00000076252	2	0	0	0	13	0
ENSMUSG00000080401	0	0	0	0	0	0
ENSMUSG00000087788	0	0	0	0	0	0
ENSMUSG00000065600	4454	4866	320	53	58	7
ENSMUSG00000065456	1	3	1	39	1	0
ENSMUSG00000088141	0	0	0	0	0	0
ENSMUSG00000076366	0	0	0	0	0	0
ENSMUSG00000076219	95	25	3	0	282	0
ENSMUSG00000065575	15	0	0	2	7	1199
ENSMUSG00000080418	0	0	0	0	0	0
ENSMUSG00000076291	0	5	7	3	222	6
ENSMUSG00000077104	0	0	0	0	0	0
ENSMUSG00000088508	0	0	0	0	0	0
ENSMUSG00000089022	0	0	0	0	0	0
ENSMUSG00000065574	898	311	377	4686	1627	2309
ENSMUSG00000065529	2123	222	4090	3850	135885	1279
ENSMUSG00000080492	0	0	0	0	0	1
ENSMUSG00000087972	0	0	0	0	0	0
ENSMUSG00000089329	0	0	0	0	5	0
ENSMUSG00000076959	6	4	1	2	124	10
ENSMUSG00000089379	0	0	0	0	0	0
ENSMUSG00000088871	0	0	0	0	0	0
ENSMUSG00000088401	0	0	0	0	0	0
ENSMUSG00000065566	5928	854	213	11	4424	19
ENSMUSG00000088919	0	1	0	0	15	0
ENSMUSG00000065585	0	0	0	0	0	0
ENSMUSG00000089324	0	2	0	0	0	0
ENSMUSG00000077086	3	1	0	0	91	9
ENSMUSG00000089159	0	1	0	0	8	5
ENSMUSG00000076379	450	2	104	492	17	29
ENSMUSG00000065489	4	10	4	71	24	13
ENSMUSG00000089600	0	0	0	0	0	0
ENSMUSG00000070110	12	12	15	0	1	0
ENSMUSG00000080491	0	0	0	0	0	0
ENSMUSG00000087977	0	0	0	0	0	0
ENSMUSG00000080618	0	0	0	0	0	0
ENSMUSG00000088235	0	0	0	0	0	0
ENSMUSG00000089126	0	0	0	0	1	1
ENSMUSG00000065417	842	55	109	173	587	748
ENSMUSG00000080688	0	0	0	0	0	0
ENSMUSG00000065542	12	3	32	76	122	3
ENSMUSG00000080380	0	0	0	0	0	0
ENSMUSG00000076313	6	0	0	0	142	0
ENSMUSG00000089424	0	0	0	0	0	0
ENSMUSG00000077964	0	0	0	0	0	0
ENSMUSG00000089010	0	0	0	0	0	0
ENSMUSG00000065465	361	3	27	163	41	6
ENSMUSG00000076251	114	281	16	64	147	40
ENSMUSG00000080665	2	8	7	1	26	0
ENSMUSG00000088664	0	0	0	0	0	0
ENSMUSG00000088274	0	0	0	0	0	0
ENSMUSG00000065516	2	0	19	12	254	41
ENSMUSG00000080372	0	0	0	0	0	0
ENSMUSG00000087824	0	0	0	0	9	0
ENSMUSG00000077876	0	0	0	0	0	0
ENSMUSG00000080522	0	0	0	0	0	0
ENSMUSG00000076442	1559	201	27178	12394	1161	1965
ENSMUSG00000065608	1116	1496	566	574	2	159
ENSMUSG00000065436	998	1904	137	58	221	97
ENSMUSG00000065492	59	58	4	6	10	1101
ENSMUSG00000080510	0	0	0	0	0	0
ENSMUSG00000076123	48	181	9	12	4	4
ENSMUSG00000076272	273	236	9	0	1295	0
ENSMUSG00000080580	0	0	0	0	0	0
ENSMUSG00000087934	0	0	0	0	0	0
ENSMUSG00000076360	0	0	0	0	0	21
ENSMUSG00000065618	9028	9744	932	1168	1852	1896
ENSMUSG00000065565	806	263	131	94	94	32
ENSMUSG00000076288	48	3	1	0	142	7
ENSMUSG00000065397	17	3	126	40	119	5
ENSMUSG00000076160	0	0	0	0	0	0
ENSMUSG00000065487	17	4	3	7	2	0
ENSMUSG00000080347	1	0	0	0	0	0
ENSMUSG00000077054	0	0	0	0	0	0
ENSMUSG00000065587	31330	1783	937	1476	369	823667
ENSMUSG00000077837	0	0	0	0	0	0
ENSMUSG00000076948	6	1	1	1	744	55
ENSMUSG00000080481	0	0	0	0	0	0
ENSMUSG00000077113	0	0	0	0	12	0
ENSMUSG00000077971	1	0	0	0	0	0
ENSMUSG00000080655	0	0	0	0	0	0
ENSMUSG00000080439	0	0	0	0	0	0
ENSMUSG00000088561	0	0	0	0	0	0
ENSMUSG00000089557	0	0	0	0	0	0
ENSMUSG00000080653	0	0	0	0	14	0
ENSMUSG00000065548	2415	56	865	723	290	70
ENSMUSG00000065581	0	0	2	4	90	0
ENSMUSG00000065596	613	65	26	38	21	43819
ENSMUSG00000089249	0	0	0	0	0	0
ENSMUSG00000087993	0	7	0	0	1	0
ENSMUSG00000080564	0	0	0	0	0	0
ENSMUSG00000089020	0	0	0	0	0	0
ENSMUSG00000076140	79	1	180	293	3595	120
ENSMUSG00000080557	0	0	0	0	0	0
ENSMUSG00000065403	18	2	10	32	127	121
ENSMUSG00000089042	0	0	0	0	0	0
ENSMUSG00000088639	1	1	0	1	1	0
ENSMUSG00000089592	0	0	0	0	0	9
ENSMUSG00000088466	0	0	0	0	0	0
ENSMUSG00000065420	585	3	282	801	3709	305
ENSMUSG00000065462	4372	38	204	4582	247	148
ENSMUSG00000070075	106	89	61	0	14	0
ENSMUSG00000087803	0	0	0	0	1	0
ENSMUSG00000077898	0	0	0	0	0	0
ENSMUSG00000089140	6	8	3	1	0	5
ENSMUSG00000089238	0	0	0	0	0	0
ENSMUSG00000078014	0	0	0	0	0	0
ENSMUSG00000065426	2451	3105	149	7	768	47
ENSMUSG00000080603	0	0	0	0	0	0
ENSMUSG00000088248	8	3	0	0	0	8
ENSMUSG00000065455	26722	485	15913	80082	33110	10683
ENSMUSG00000080679	0	0	0	0	0	0
ENSMUSG00000077136	0	0	0	0	0	0
ENSMUSG00000065530	6289	2683	4086	3112	79	977
ENSMUSG00000078031	31	77	3	2	95	112
ENSMUSG00000088507	0	0	0	0	0	0
ENSMUSG00000087725	0	0	0	0	0	0
ENSMUSG00000077966	0	0	0	0	0	0
ENSMUSG00000076988	0	0	0	0	0	0
ENSMUSG00000065396	29489	135589	16729	18536	5476	3816
ENSMUSG00000076354	0	0	0	0	0	0
ENSMUSG00000088206	0	0	0	0	0	0
ENSMUSG00000065433	3708	1230	99	2	216	2
ENSMUSG00000080354	0	0	0	0	0	0
ENSMUSG00000078055	0	0	0	0	0	0
ENSMUSG00000076005	0	1	7	0	0	291
ENSMUSG00000077021	24	54	4	3	2368	152
ENSMUSG00000080682	0	0	0	0	0	0
ENSMUSG00000080561	0	0	0	0	0	0
ENSMUSG00000076041	9	9	4	192	1	1
ENSMUSG00000065528	384	2697	226	185	1181	146
ENSMUSG00000076014	0	0	0	0	0	0
ENSMUSG00000089478	0	0	0	0	1	0
ENSMUSG00000065513	2	0	0	1	4	0
ENSMUSG00000065537	8623	4932	377	56	69	16
ENSMUSG00000077088	0	0	0	0	0	0
ENSMUSG00000065564	156743	360501	39220	57567	351	11729
ENSMUSG00000077996	6	0	4	5	3	25
ENSMUSG00000080334	0	0	0	0	0	0
ENSMUSG00000088277	0	0	0	0	0	0
ENSMUSG00000088116	0	0	0	0	0	0
ENSMUSG00000080490	0	0	0	0	0	6
ENSMUSG00000076122	33	24	86	208	530	121
ENSMUSG00000080659	0	0	0	0	0	0
ENSMUSG00000077841	0	0	0	0	0	0
ENSMUSG00000070100	18	3	2	16	37	7
ENSMUSG00000076064	0	0	0	0	0	0
ENSMUSG00000076017	0	0	0	0	0	0
ENSMUSG00000076006	771	18	27	1	930	1
ENSMUSG00000076052	22240	5641	977	67	24114	180
ENSMUSG00000080505	0	0	0	0	0	0
ENSMUSG00000089260	13	0	8	2	0	13
ENSMUSG00000088552	1	0	0	0	0	0
ENSMUSG00000088962	0	1	0	0	2	0
ENSMUSG00000076944	0	0	0	0	0	0
ENSMUSG00000080366	0	0	0	0	0	0
ENSMUSG00000088142	0	0	0	0	2	0
ENSMUSG00000077981	1	5	0	0	57	12
ENSMUSG00000087953	0	0	0	0	0	0
ENSMUSG00000065607	47	84	11	10	22	8
ENSMUSG00000076021	0	0	0	0	0	0
ENSMUSG00000088315	0	0	0	0	0	0
ENSMUSG00000065477	2299	174	126	14	26323	238
ENSMUSG00000077111	0	0	0	7	1	0
ENSMUSG00000089160	0	0	0	0	0	0
ENSMUSG00000065543	2876	3072	121	59	697	22
ENSMUSG00000065567	530	954	375	768	116	201
ENSMUSG00000065501	855	31	73	38	4139	18
ENSMUSG00000080420	0	0	0	0	0	0
ENSMUSG00000065416	2	0	9	10	240	257
ENSMUSG00000070084	671	10687	8997	24	15677	34
ENSMUSG00000065555	17	11	4	5	23	3
ENSMUSG00000087900	0	0	0	0	0	0
ENSMUSG00000065480	0	0	1	0	0	0
ENSMUSG00000077938	0	0	0	0	0	0
ENSMUSG00000080453	1	0	0	0	1	0
ENSMUSG00000089139	3	13	4	6	10	0
ENSMUSG00000076405	0	0	0	0	0	0
ENSMUSG00000065590	727	204	26	4	57	1
ENSMUSG00000089214	3	1	0	0	1	0
ENSMUSG00000077979	0	0	0	0	0	0
ENSMUSG00000065411	262	144	200	212	146	738
ENSMUSG00000088723	0	0	0	0	1	0
ENSMUSG00000065410	14	38	0	0	15817	89
ENSMUSG00000088606	0	0	0	0	0	0
ENSMUSG00000076282	0	0	0	0	0	0
ENSMUSG00000070101	936	127	30	1	1806	3
ENSMUSG00000080635	0	0	0	0	0	0
ENSMUSG00000080436	0	0	0	0	0	0
ENSMUSG00000089012	0	0	0	0	0	0
ENSMUSG00000088927	0	0	0	0	0	0
ENSMUSG00000088901	41	78	67	12	19	0
ENSMUSG00000089347	383	542	337	65	567	282
ENSMUSG00000077846	0	0	0	0	0	0
ENSMUSG00000089165	0	0	0	0	1	1
ENSMUSG00000080397	0	0	0	0	0	0
ENSMUSG00000080621	1	1	3	1	5	90
ENSMUSG00000080406	35	35	0	0	2	0
ENSMUSG00000087844	0	0	1	0	0	0
ENSMUSG00000078020	0	0	0	0	0	0
ENSMUSG00000065597	1	0	0	0	0	0
ENSMUSG00000077851	1	0	0	0	0	0
ENSMUSG00000065458	72	1	5	16	1	1
ENSMUSG00000065425	60	45	1	0	1	0
ENSMUSG00000065440	32857	6820	9582	13782	5120	8042
ENSMUSG00000088642	26	22	31	9	157	21
ENSMUSG00000080650	0	0	0	0	0	0
ENSMUSG00000076269	70	6	48	108	97	30
ENSMUSG00000080670	0	0	0	0	0	0
ENSMUSG00000080514	0	0	0	0	0	2
ENSMUSG00000070128	133	275	2	0	271	1
ENSMUSG00000080483	0	0	0	0	0	0
ENSMUSG00000076023	0	0	0	0	0	0
ENSMUSG00000089110	0	0	0	0	0	0
ENSMUSG00000065507	165	2476	14	9	3	21
ENSMUSG00000080363	0	0	0	0	0	0
ENSMUSG00000065606	2172	341	970	1661	16541	3120
ENSMUSG00000089604	0	0	0	0	0	0
ENSMUSG00000076050	6	0	15	31	9914	13
ENSMUSG00000065563	16	11	3	3	28	11
ENSMUSG00000065538	856	1	6	0	6	3
ENSMUSG00000088396	0	0	0	0	0	0
ENSMUSG00000065500	123	385	2985	56716	54973	18857
ENSMUSG00000077991	0	0	0	0	24	19
ENSMUSG00000088559	1864	2263	126	477	195	1943
ENSMUSG00000089219	0	0	0	0	0	0
ENSMUSG00000080388	0	0	0	0	0	0
ENSMUSG00000080535	0	0	0	0	3	6
ENSMUSG00000077071	0	0	0	0	0	0
ENSMUSG00000087931	0	1	0	0	4	1
ENSMUSG00000065453	16566	12827	4610	3276	7017	3778
ENSMUSG00000065527	2916	1212	1993	3153	3423	3182
ENSMUSG00000087865	0	0	0	0	0	1
ENSMUSG00000080590	0	0	0	0	0	0
ENSMUSG00000087952	0	0	0	0	0	2
ENSMUSG00000088034	0	0	0	0	0	0
ENSMUSG00000088289	0	0	0	0	0	0
ENSMUSG00000065438	144	3	4	0	232	0
ENSMUSG00000080526	0	0	0	0	0	0
ENSMUSG00000076976	13	0	0	0	22	7
ENSMUSG00000080519	0	0	0	0	0	0
ENSMUSG00000077812	0	0	0	0	0	0
ENSMUSG00000065573	19	7	4	4	26	25
ENSMUSG00000088788	0	0	0	0	0	0
ENSMUSG00000065483	2707	1635	738	380	675	143
ENSMUSG00000080390	0	0	0	0	0	0
ENSMUSG00000076387	761	119	76	144	79	20
ENSMUSG00000088676	0	0	0	0	0	0
ENSMUSG00000065549	4138	4	141	7981	416	158
ENSMUSG00000065476	833	203	411	524	1230	208
ENSMUSG00000084471	0	0	0	0	0	0
ENSMUSG00000065557	843	983	204	298	8	136
ENSMUSG00000088592	0	0	0	0	1	0
ENSMUSG00000088215	0	0	0	0	0	0
ENSMUSG00000080349	0	0	0	0	0	0
ENSMUSG00000088174	1	9	1	3	36	5
ENSMUSG00000088491	0	0	0	0	0	1
ENSMUSG00000077852	0	0	0	0	0	0
ENSMUSG00000089492	0	0	0	0	5	0
ENSMUSG00000065405	123126	16209	100855	214001	23372	12889
ENSMUSG00000070108	80	44	13	31	29	21
ENSMUSG00000065441	990	1172	27	0	3	1
ENSMUSG00000065582	37	71	17	747	16	36
ENSMUSG00000065481	8	18	2	0	0	0
ENSMUSG00000076048	58	215	66	43	182	29
ENSMUSG00000076028	0	0	0	0	8	0
ENSMUSG00000070126	0	1	9	8	9	8
ENSMUSG00000065449	3	11	1	1	1	12
ENSMUSG00000077864	0	0	0	0	0	0
ENSMUSG00000080597	0	0	0	0	0	0
ENSMUSG00000065469	44	202	3	1	0	0
ENSMUSG00000065395	14	16	5	117	320	5
ENSMUSG00000080642	1	0	0	0	1	27
ENSMUSG00000077038	6	4	0	0	152	5
ENSMUSG00000065497	1170	525	54	0	22438	6
ENSMUSG00000088765	0	0	0	0	0	0
ENSMUSG00000080398	0	0	0	0	0	0
ENSMUSG00000087840	0	0	0	0	0	0
ENSMUSG00000065498	37576	3040	826	205	347	1458
ENSMUSG00000087757	0	0	0	0	0	0
ENSMUSG00000088607	0	0	0	1	0	0
ENSMUSG00000065509	20	3	1	10	943	0
ENSMUSG00000076286	151	182	8	14	94	92
ENSMUSG00000088795	0	0	0	0	0	0
ENSMUSG00000076335	9	1	0	0	0	7
ENSMUSG00000080374	0	0	0	0	0	0
ENSMUSG00000076300	0	0	0	0	0	0
ENSMUSG00000080572	0	0	0	0	0	0
ENSMUSG00000088381	0	0	0	0	0	0
ENSMUSG00000080411	3	1	0	0	47	0
ENSMUSG00000088801	0	0	0	0	0	0
ENSMUSG00000089196	0	0	0	0	0	0
ENSMUSG00000077087	0	0	0	0	0	0
ENSMUSG00000077829	2	0	0	0	0	0
ENSMUSG00000088272	4	14	11	4	136	1
ENSMUSG00000087918	0	0	0	0	0	0
ENSMUSG00000070099	0	0	0	0	32	0
ENSMUSG00000077834	0	0	0	0	0	0
ENSMUSG00000076020	0	0	0	0	0	0
ENSMUSG00000065448	74	12	2	0	135	0
ENSMUSG00000080584	0	0	0	0	0	0
ENSMUSG00000088771	0	0	0	0	0	0
ENSMUSG00000077025	128	8	3	0	46	0
ENSMUSG00000080475	0	0	0	0	0	0
ENSMUSG00000077858	0	0	0	0	0	0
ENSMUSG00000065419	3983	1899	133	0	4731	6
ENSMUSG00000065457	12160	7907	354	81	0	8
ENSMUSG00000077056	0	0	0	0	0	0
ENSMUSG00000080356	6	13	6	14	33	10
ENSMUSG00000065562	24	0	381	20	3531	14
ENSMUSG00000088140	0	0	0	0	0	0
ENSMUSG00000065541	141	8	333	192	266	9
ENSMUSG00000065454	5	6	0	0	2	8
ENSMUSG00000089283	0	0	0	0	0	0
ENSMUSG00000088729	0	0	0	0	1	0
ENSMUSG00000080620	0	0	0	0	0	0
ENSMUSG00000088080	0	0	0	0	0	0
ENSMUSG00000078021	0	0	0	0	0	0
ENSMUSG00000089579	0	0	0	0	2	1
ENSMUSG00000077420	0	0	0	0	0	1
ENSMUSG00000089435	0	3	0	0	2	1
ENSMUSG00000065474	1503	0	59	1327	7561	82
ENSMUSG00000080445	1	0	0	0	0	0
ENSMUSG00000078057	389	111	9	0	1	0
ENSMUSG00000080338	0	0	0	0	0	0
ENSMUSG00000077813	0	0	0	0	0	0
ENSMUSG00000089104	0	0	0	0	0	0
ENSMUSG00000088424	0	0	0	0	0	0
ENSMUSG00000088455	0	0	0	0	26	1
ENSMUSG00000076460	5876	20012	731	569	2563	586
ENSMUSG00000076364	0	0	0	0	0	11
ENSMUSG00000066080	0	0	0	0	0	0
ENSMUSG00000080407	0	0	0	0	0	0
ENSMUSG00000077853	0	0	0	0	0	0
ENSMUSG00000077990	0	0	0	0	0	0
ENSMUSG00000065619	25765	997	795	1171	39631	395
ENSMUSG00000080383	0	0	0	0	0	0
ENSMUSG00000065473	0	0	0	0	4	0
ENSMUSG00000065546	0	0	0	97	7	5
ENSMUSG00000088847	0	0	0	0	1	4
ENSMUSG00000077921	6468	254	972	2512	703	2729
ENSMUSG00000078065	0	0	0	0	0	3
ENSMUSG00000065464	2200	1041	282	1247	12	102
ENSMUSG00000088815	0	0	0	0	0	0
ENSMUSG00000088641	0	0	0	0	0	4
ENSMUSG00000076141	0	0	0	0	0	0
ENSMUSG00000080626	0	0	0	0	0	0
ENSMUSG00000065475	12679	2032	7701	12328	33135	712
ENSMUSG00000065418	176	3	793	592	61779	235
ENSMUSG00000088973	0	0	0	0	0	0
ENSMUSG00000080516	0	0	0	0	0	0
ENSMUSG00000077936	0	0	0	0	0	0
ENSMUSG00000070071	1	0	0	0	0	3699
ENSMUSG00000065515	1005	84	2454	2432	722	812
ENSMUSG00000087749	0	0	0	0	0	1
ENSMUSG00000065526	201	76	8	0	991	3
ENSMUSG00000065510	288	460	42	61	410	20
ENSMUSG00000076966	0	0	0	0	1	0
ENSMUSG00000076309	0	0	0	1	170	27
ENSMUSG00000077954	0	0	0	0	0	0
ENSMUSG00000065490	7	19	16	23	92	4
ENSMUSG00000076316	103	111	7	0	1253	0
ENSMUSG00000065394	355	283	515	464	3819	1724
ENSMUSG00000087928	0	0	0	0	0	0
ENSMUSG00000089122	0	1	0	1	1	11
ENSMUSG00000070127	9747	2344	986	981	1063	1696
ENSMUSG00000065435	112	3	3	0	0	1
ENSMUSG00000076294	0	0	0	0	0	49
ENSMUSG00000076130	0	0	0	0	0	0
ENSMUSG00000077072	0	0	0	0	0	0
ENSMUSG00000065428	11817	7984	350	13	270	19
ENSMUSG00000076455	0	0	0	0	0	0
ENSMUSG00000078042	0	0	0	0	0	0
ENSMUSG00000088148	13	21	5	4	395	18
ENSMUSG00000088321	0	0	0	0	0	0
ENSMUSG00000078034	0	0	0	0	0	0
ENSMUSG00000080348	0	0	0	0	0	0
ENSMUSG00000070139	600	317	132	236	682	93
ENSMUSG00000065524	73	123	2	0	0	6
ENSMUSG00000080410	0	0	0	0	0	0
ENSMUSG00000065604	76	72	21	66	2	11
ENSMUSG00000089328	0	0	0	0	0	0
ENSMUSG00000076024	0	0	0	0	0	0
ENSMUSG00000065561	3335	41	101	3	689	17
ENSMUSG00000076338	4673	754	801	217	151	229
ENSMUSG00000065572	67	11	10	12	361	94
ENSMUSG00000080371	0	0	0	0	0	0
ENSMUSG00000080676	0	0	0	0	0	0
ENSMUSG00000065556	23379	366	4705	5228	1374	1847
ENSMUSG00000080596	0	0	0	0	0	0
ENSMUSG00000089198	0	0	0	0	0	0
ENSMUSG00000065505	2943	129	7276	1132	24656	8631
ENSMUSG00000088462	0	0	0	0	0	0
ENSMUSG00000088053	1	0	0	0	1	0
ENSMUSG00000070105	63	11	0	0	53	1
ENSMUSG00000080331	1312	229	30	0	0	0
ENSMUSG00000076241	42	54	1	0	288	6
ENSMUSG00000080558	0	0	0	0	0	0
ENSMUSG00000065517	616	138	196	215	96	59
ENSMUSG00000076049	1990	361	55	26	20	20
ENSMUSG00000089361	0	0	0	0	0	0
ENSMUSG00000076318	30	31	0	0	0	0
ENSMUSG00000076143	1762	103	61	55	35	14
ENSMUSG00000089356	0	2	0	0	5	0
ENSMUSG00000076126	1	0	0	0	5	0
ENSMUSG00000065539	82	15	6	0	0	0
ENSMUSG00000076063	66	36	5	0	17	0
ENSMUSG00000065578	36	27	9	11	54	1
ENSMUSG00000065609	21	19	0	0	1	0
ENSMUSG00000088977	0	0	0	0	0	0
ENSMUSG00000077902	0	0	0	0	0	0
ENSMUSG00000065540	29409	3027	82901	72626	26419	3714
ENSMUSG00000088032	6	15	12	4	181	16
ENSMUSG00000076296	0	0	0	0	0	0
ENSMUSG00000077844	0	0	0	0	0	0
ENSMUSG00000087998	0	0	0	0	3	0
ENSMUSG00000065512	0	0	0	0	0	0
ENSMUSG00000088636	0	0	0	0	0	0
ENSMUSG00000065570	74	48	3	0	39	0
ENSMUSG00000076992	0	0	0	0	0	0
ENSMUSG00000088054	6	5	1	24	6	4
ENSMUSG00000088305	5	0	0	2	56	8
ENSMUSG00000076357	9	0	0	39	0	3
ENSMUSG00000076986	0	0	0	0	0	0
ENSMUSG00000076281	0	0	0	0	0	0
ENSMUSG00000080479	0	0	0	0	0	0
ENSMUSG00000080687	1	0	0	0	90	0
ENSMUSG00000065494	692	1274	1225	1102	1245	251
ENSMUSG00000076946	651	124	56	129	365	22
ENSMUSG00000065430	0	1	2	2	6	1
ENSMUSG00000089204	1	0	0	1	2	0
ENSMUSG00000080645	1222	2530	248	358	67	10
ENSMUSG00000080681	0	0	0	0	0	0
ENSMUSG00000080470	0	0	0	0	0	0
ENSMUSG00000077944	0	7	7	0	192	30233
ENSMUSG00000080627	0	0	0	0	0	0
ENSMUSG00000077896	542	6	7	3	5	12
ENSMUSG00000088610	0	0	0	0	0	0
ENSMUSG00000076256	0	0	1	0	2	1
ENSMUSG00000080660	0	0	0	0	0	0
ENSMUSG00000065594	148	78	16	101	70	26
ENSMUSG00000076398	1309	1183	354	258	190	95
ENSMUSG00000065547	0	0	0	1	0	0
ENSMUSG00000088844	0	3	1	0	139	0
ENSMUSG00000088544	0	4	0	0	0	1
ENSMUSG00000077033	0	0	0	0	0	0
ENSMUSG00000084564	1	1	1	0	0	0
ENSMUSG00000080328	0	0	0	0	0	0
ENSMUSG00000089330	0	0	0	0	0	1
ENSMUSG00000070103	881	40	6	2	1	1
ENSMUSG00000087753	1	1	1	1	82	1
ENSMUSG00000080432	0	0	0	0	0	0
ENSMUSG00000080658	1	0	6	0	0	0
ENSMUSG00000065559	448	35324	10	19	0	16
ENSMUSG00000076162	0	0	0	0	0	0
ENSMUSG00000089547	0	0	0	0	0	0
ENSMUSG00000089502	0	0	0	0	0	0
ENSMUSG00000076138	1	0	0	0	2	1
ENSMUSG00000088645	0	0	0	0	3	2
ENSMUSG00000065532	774	233	34	757	83	0
ENSMUSG00000087729	0	0	0	0	0	0
ENSMUSG00000089245	0	0	0	0	0	0
ENSMUSG00000072900	197	108	5	0	2806	2
ENSMUSG00000089101	0	1	0	0	0	11
ENSMUSG00000087944	0	0	0	0	0	0
ENSMUSG00000076158	0	0	0	0	0	0
ENSMUSG00000080467	0	0	0	0	0	1
ENSMUSG00000080651	0	0	0	0	0	0
ENSMUSG00000077868	0	0	0	0	0	0
ENSMUSG00000076224	0	0	0	0	0	0
ENSMUSG00000070078	0	0	0	0	15	3037
ENSMUSG00000077107	16	0	1	0	1	0
ENSMUSG00000080594	8	9	0	0	32	3
ENSMUSG00000076258	14	21	30	99	367	4
ENSMUSG00000089577	0	1	0	0	0	1
ENSMUSG00000080468	0	0	0	0	9	368
ENSMUSG00000076163	1	0	1	0	0	0
ENSMUSG00000088033	0	0	0	0	0	0
ENSMUSG00000065471	1753	316	96	122	99	13
ENSMUSG00000076457	0	0	0	6	22	0
ENSMUSG00000088860	2	3	0	0	16	3
ENSMUSG00000088931	0	0	0	0	0	0
ENSMUSG00000080579	0	0	0	0	0	0
ENSMUSG00000065579	724	523	192	520	814	979
ENSMUSG00000065499	978	139	28	0	0	0
ENSMUSG00000088980	0	0	0	0	0	0
ENSMUSG00000070129	5220	84	167	5	6900	11
ENSMUSG00000070140	1	8	0	0	104	0
ENSMUSG00000089537	0	0	0	0	0	0
ENSMUSG00000076022	0	0	0	0	0	0
ENSMUSG00000088006	0	0	0	0	0	0
ENSMUSG00000088609	0	0	0	0	0	0
ENSMUSG00000065603	32	3	1	3	12	0
ENSMUSG00000065508	226	58	193	560	1412	898
ENSMUSG00000065406	4704	948	1461	832	34509	744
ENSMUSG00000065427	3668	1	140	3912	436	70
ENSMUSG00000077098	0	0	0	0	0	0
ENSMUSG00000089261	0	0	0	0	0	1
ENSMUSG00000077946	0	0	0	0	0	0
ENSMUSG00000077140	0	0	0	0	0	0
ENSMUSG00000077049	7	3	0	2	1197	68
ENSMUSG00000076255	747	2537	55	12	377	10
ENSMUSG00000076337	0	0	0	0	0	8
ENSMUSG00000088534	0	6	0	0	0	0
ENSMUSG00000076025	0	0	0	0	0	0
ENSMUSG00000065610	48291	6465	10578	12225	840	2786
ENSMUSG00000080546	0	0	0	0	0	0
ENSMUSG00000065452	0	0	0	0	0	0
ENSMUSG00000077879	0	0	0	0	0	0
ENSMUSG00000080402	0	0	0	0	0	0
ENSMUSG00000088986	0	0	0	0	0	0
ENSMUSG00000077998	0	0	0	0	212	4
ENSMUSG00000076157	0	0	0	0	0	0
ENSMUSG00000077872	0	0	0	0	18	13972
ENSMUSG00000087976	0	0	0	0	0	0
ENSMUSG00000089173	0	0	0	0	0	0
ENSMUSG00000080541	0	0	0	0	0	0
ENSMUSG00000077962	76	56	34	27	2	3
ENSMUSG00000065518	339	951	252	259	2418	555
ENSMUSG00000089151	0	0	0	0	0	0
ENSMUSG00000065595	2872	117	82	2	1191	3
ENSMUSG00000076994	0	0	0	0	4	0
ENSMUSG00000077042	6	37	44	11	87	2
ENSMUSG00000080448	0	0	0	0	0	4
ENSMUSG00000065437	62268	78968	45696	56609	23376	2498
ENSMUSG00000076350	320	481	2	0	154	1
ENSMUSG00000080405	0	0	0	0	0	0
ENSMUSG00000089505	0	0	0	0	0	0
ENSMUSG00000065422	1639	153	154	277	96	58
ENSMUSG00000088072	0	0	0	0	0	0
ENSMUSG00000070130	290	1018	44	29	199	111
ENSMUSG00000084730	0	0	0	0	0	0
ENSMUSG00000070102	17	22	15	134	57	12
ENSMUSG00000065484	283	99	260	793	866	101
ENSMUSG00000087740	0	0	0	0	0	0
ENSMUSG00000087962	0	0	1	0	0	0
ENSMUSG00000088087	0	0	0	0	0	0
ENSMUSG00000089100	0	0	0	0	4	0
ENSMUSG00000076009	0	0	0	0	0	0
ENSMUSG00000076118	497	735	22	15	192	370
ENSMUSG00000076011	652	1338	80	134	182	59
ENSMUSG00000076332	0	0	0	0	2	308
ENSMUSG00000088113	1	3	0	1	3	4
ENSMUSG00000089463	0	0	0	0	1	0
ENSMUSG00000080330	0	0	0	0	0	0
ENSMUSG00000084523	0	0	0	0	0	0
ENSMUSG00000088061	0	0	0	0	0	0
ENSMUSG00000065470	1258	2651	1800	30	480	3
ENSMUSG00000087943	0	0	0	0	0	0
ENSMUSG00000089325	0	0	0	0	0	0
ENSMUSG00000089428	0	0	0	0	0	0
ENSMUSG00000065412	113	223	29	53	4	0
ENSMUSG00000077826	0	0	0	0	0	0
ENSMUSG00000076161	0	0	0	0	0	0
ENSMUSG00000077897	3	0	14	4	8	26
ENSMUSG00000076399	0	0	0	1	17	0
ENSMUSG00000070136	42	5	2	0	40	3
ENSMUSG00000077082	0	0	0	1	0	20
ENSMUSG00000088807	0	0	0	0	22	0
ENSMUSG00000065523	2989	332	2190	125533	3199	942
ENSMUSG00000065613	13	59	23	85	566	5
ENSMUSG00000065583	699	71	10	5	3	3
ENSMUSG00000080606	0	0	0	0	0	0
ENSMUSG00000084751	0	0	0	0	0	0
ENSMUSG00000077931	81	91	5	1	958	15
ENSMUSG00000070141	5	1	0	0	81	1
ENSMUSG00000080458	0	0	0	0	0	0
ENSMUSG00000080435	0	0	0	0	0	0
ENSMUSG00000076972	59	56	10	4	49	14
ENSMUSG00000088567	4	3	0	1	4	2
ENSMUSG00000065429	309	143	178	52	142	15
ENSMUSG00000080387	0	0	0	0	0	0
ENSMUSG00000076320	0	0	0	0	0	5
ENSMUSG00000065479	13093	279445	5547	5827	2912	554
ENSMUSG00000080600	0	0	0	0	0	0
ENSMUSG00000065472	22340	125696	6745	2109	285	1457
ENSMUSG00000078062	0	0	0	0	0	0
ENSMUSG00000065611	652	244	1139	556	469	129
ENSMUSG00000078038	0	0	1	0	54	7837
ENSMUSG00000076456	468	861	15	0	3	18
ENSMUSG00000089315	0	0	0	0	0	0
ENSMUSG00000077967	0	0	0	0	0	0
ENSMUSG00000080359	0	0	0	0	0	0
ENSMUSG00000080593	0	0	0	0	0	0
ENSMUSG00000077004	0	0	0	0	0	0
ENSMUSG00000076067	211	1	3	0	0	0
ENSMUSG00000076018	0	0	0	0	0	0
ENSMUSG00000080415	0	0	0	0	0	0
ENSMUSG00000088178	0	0	0	0	0	0
ENSMUSG00000080489	0	0	0	0	0	0
ENSMUSG00000065544	53	1	29	187	63	77
ENSMUSG00000088354	0	0	0	0	0	0
ENSMUSG00000076240	1	3	0	0	11	2
ENSMUSG00000080632	0	0	0	0	0	0
ENSMUSG00000084529	0	0	0	0	0	0
ENSMUSG00000077877	0	0	0	0	0	0
ENSMUSG00000078002	0	1	4	0	1	8622
ENSMUSG00000065444	1908	96	2116	2289	1757	286
ENSMUSG00000065414	508	199	12	1	11	26
ENSMUSG00000080537	0	0	0	0	0	0
ENSMUSG00000065533	0	1	0	16	678	0
ENSMUSG00000065592	124	80	682	605	174	169
ENSMUSG00000077065	0	0	0	0	0	0
ENSMUSG00000076376	100	205	26	29	49	4
ENSMUSG00000078044	0	0	0	0	0	0
ENSMUSG00000080350	0	0	0	0	0	0
ENSMUSG00000065408	32	3	13	20	491	0
ENSMUSG00000080488	0	0	0	0	0	0
ENSMUSG00000089602	8	105	17	2	16	18
ENSMUSG00000089594	0	0	0	0	0	0
ENSMUSG00000087778	3	29	7	0	148	11
ENSMUSG00000080662	7	0	75	2	0	0
ENSMUSG00000080556	0	0	0	0	0	0
ENSMUSG00000080471	0	0	0	0	0	0
ENSMUSG00000088752	2	2	0	3	5	14
ENSMUSG00000080326	0	0	0	0	0	0
ENSMUSG00000088399	0	0	0	0	4	0
ENSMUSG00000065415	104	49	1	1	0	0
ENSMUSG00000088826	0	0	0	0	0	0
ENSMUSG00000080647	0	0	0	0	0	0
ENSMUSG00000080674	0	0	0	0	0	0
ENSMUSG00000070076	75877	45179	2149	98	122059	370
ENSMUSG00000070073	1	2	2	0	84	5795
ENSMUSG00000076159	0	0	0	0	0	0
ENSMUSG00000089319	2	1	1	4	54	6
ENSMUSG00000065568	1294	115	43	4	1	0
ENSMUSG00000080530	0	0	0	0	0	0
ENSMUSG00000076145	42	15	1	0	307	2
ENSMUSG00000088109	73	104	202	19	597	337
ENSMUSG00000076396	158	207	3	0	41	0
ENSMUSG00000076355	0	0	0	0	0	77
ENSMUSG00000080504	0	0	0	0	0	0
ENSMUSG00000065409	80252	3282	51442	113321	10120	9605
ENSMUSG00000077972	0	0	1	0	0	4
ENSMUSG00000070107	10	0	1	4	0	0
ENSMUSG00000076382	0	0	0	0	0	0
ENSMUSG00000080452	0	11	2	0	4	1
ENSMUSG00000065602	4371	413	3624	3198	1472	1543
ENSMUSG00000065486	0	0	1	3	19	5
ENSMUSG00000065423	66	295	382	56	30	21
ENSMUSG00000065421	169156	141190	61865	59489	10714	56080
ENSMUSG00000087762	0	0	0	0	0	0
ENSMUSG00000076451	2174	3907	62	1	25	0
ENSMUSG00000077001	155	2	3	0	2	0
ENSMUSG00000065615	5802	8962	1981	2620	42883	4330
ENSMUSG00000076956	0	0	0	0	0	0
ENSMUSG00000065514	1154	210	462	682	624	308
ENSMUSG00000076026	0	0	0	0	0	0
ENSMUSG00000065560	1867	387	588	716	371	866
ENSMUSG00000065521	68	36	3	1	310	87
ENSMUSG00000065399	0	0	15	0	0	0
ENSMUSG00000065519	225	971	13749	244475	16015	1909
ENSMUSG00000065446	1738	785	155	50	77	17
ENSMUSG00000077119	1	0	2	0	9	42661
ENSMUSG00000076156	0	0	0	0	0	0
ENSMUSG00000065504	0	4	0	0	0	0
ENSMUSG00000065402	66	107	3	9	0	51
ENSMUSG00000088015	0	0	1	2	0	0
ENSMUSG00000088882	0	0	0	0	0	0
ENSMUSG00000089135	0	0	0	0	0	0
ENSMUSG00000088246	0	0	0	0	0	0
ENSMUSG00000077060	0	0	0	0	0	0
ENSMUSG00000065551	77	47	27	23	822	22
ENSMUSG00000080533	3	1	3	1	6	1
ENSMUSG00000087744	0	0	0	0	0	0
ENSMUSG00000076147	2	0	3	0	0	0
ENSMUSG00000077028	0	0	0	0	0	0
ENSMUSG00000087751	0	0	0	0	4	0
ENSMUSG00000065577	121	27	2	0	113	0
ENSMUSG00000087889	0	0	0	0	0	0
ENSMUSG00000065434	38	3	2	3	14	49
ENSMUSG00000065468	1570	127	710	1510	3717	589
ENSMUSG00000070138	6	0	16	38	1	29
ENSMUSG00000065450	121	31	0	0	0	0
ENSMUSG00000076305	0	0	0	0	0	0
ENSMUSG00000080617	0	0	0	0	0	0
ENSMUSG00000065589	105	1	22	67	2866	45
ENSMUSG00000076459	16	16	3	0	234	0
ENSMUSG00000080434	0	0	0	0	0	0
ENSMUSG00000084486	0	0	0	0	0	2
ENSMUSG00000077035	0	0	0	0	0	0
ENSMUSG00000077948	0	0	0	0	0	1
ENSMUSG00000089555	0	0	0	0	25	0
ENSMUSG00000065443	1	2	15	10653	944	84
ENSMUSG00000087955	0	0	0	0	1	0
ENSMUSG00000070080	340	228	10	0	8952	0
ENSMUSG00000077839	0	0	0	0	0	0
ENSMUSG00000065439	16874	18004	8616	12522	1353	3796
ENSMUSG00000076027	0	0	0	0	0	0
ENSMUSG00000080424	0	0	0	0	1	0
ENSMUSG00000065400	5249	0	172	7989	110	122
ENSMUSG00000065503	5	26	12	17	32881	31
ENSMUSG00000080502	0	0	0	0	0	0
ENSMUSG00000080462	0	0	0	0	0	0
ENSMUSG00000088936	0	0	0	0	0	0
ENSMUSG00000080661	0	0	0	0	0	0
ENSMUSG00000077854	0	0	0	0	0	0
ENSMUSG00000077950	0	0	0	0	0	0
ENSMUSG00000076343	0	0	0	0	0	13
ENSMUSG00000065599	1359	994	842	1124	421	82
ENSMUSG00000080589	2	0	1	3	1	40
ENSMUSG00000076066	6	6	10	11	91	7
ENSMUSG00000088202	0	0	1	1	5	0
ENSMUSG00000080525	1	0	0	0	0	1
ENSMUSG00000089193	0	3	2	3	23	2
ENSMUSG00000076222	8	1	0	1	69	7
ENSMUSG00000077973	0	0	0	0	0	0
ENSMUSG00000076120	17	0	0	1	1	0
ENSMUSG00000088785	0	0	0	0	0	0
ENSMUSG00000076394	0	0	0	0	0	9
ENSMUSG00000087974	0	0	0	0	0	0
ENSMUSG00000065616	271	221	10	145	955	2589
ENSMUSG00000087950	2	1	1	0	7	2
ENSMUSG00000087837	13	47	48	9	6929	20
ENSMUSG00000065534	171	187	16	26	49	6
ENSMUSG00000080487	0	0	0	0	0	0
ENSMUSG00000076043	672	7	22	4	305	2
ENSMUSG00000070133	22299	12495	646	42	20456	116
ENSMUSG00000080342	2	2	0	0	0	0
ENSMUSG00000076955	0	0	0	0	0	0
ENSMUSG00000078026	0	0	0	0	9	0
ENSMUSG00000089495	0	0	0	0	0	0
ENSMUSG00000080379	0	0	0	0	0	0
ENSMUSG00000065407	20	10	0	0	0	1
ENSMUSG00000076312	3	0	410	1	6	12
ENSMUSG00000077845	0	0	0	0	0	0
ENSMUSG00000089511	0	2	6	1	179	1
ENSMUSG00000065612	5663	8148	3243	1775	16352	1377
ENSMUSG00000089432	0	0	0	0	2	0
ENSMUSG00000078003	0	0	0	0	0	0
ENSMUSG00000065511	716	1915	27	0	0	48
ENSMUSG00000070081	10	23	2	2	2	0
ENSMUSG00000065485	11828	16543	769	3	0	13
ENSMUSG00000077870	0	0	0	0	0	0
ENSMUSG00000065445	35303	4319	153317	82704	56342	271747
ENSMUSG00000087763	0	0	0	0	0	0
ENSMUSG00000077816	0	0	0	0	0	0
ENSMUSG00000065571	61	42	5	6	57	2
ENSMUSG00000080446	1	0	0	0	6	44
ENSMUSG00000087821	0	0	0	0	0	1
ENSMUSG00000089362	0	0	1	0	1	10
ENSMUSG00000088496	0	0	0	0	0	0
ENSMUSG00000065451	36680	373	15653	33643	1828	3177
ENSMUSG00000088413	0	0	0	0	0	0
ENSMUSG00000078025	0	0	0	1	19	3
ENSMUSG00000070072	1054	2961	40	1	1007	3
ENSMUSG00000065553	2	0	0	0	3	0
ENSMUSG00000076019	0	0	0	0	0	0
ENSMUSG00000065569	6181	27	173	2	0	5
ENSMUSG00000076979	0	0	0	0	0	0
ENSMUSG00000076146	2	0	0	0	3	61
ENSMUSG00000080588	0	0	0	0	0	0
ENSMUSG00000065593	40	57	23	14	116	30
ENSMUSG00000076155	0	0	0	0	0	0
ENSMUSG00000080451	0	0	0	0	0	0
ENSMUSG00000089300	0	0	0	0	0	0
ENSMUSG00000070065	1754	210	1382	557	1746	178
ENSMUSG00000076983	0	0	0	0	2	5
ENSMUSG00000080426	0	0	0	0	0	0
ENSMUSG00000065601	1861	608	1509	2178	492	1027
ENSMUSG00000076413	0	0	0	0	0	0
ENSMUSG00000080680	0	0	0	0	0	0
ENSMUSG00000077843	0	0	0	0	0	0
ENSMUSG00000089526	30	100	95	30	3717	172
ENSMUSG00000077869	0	0	0	0	0	0
ENSMUSG00000080460	0	0	0	0	0	0
ENSMUSG00000076062	292	682	696	831	26352	1145
ENSMUSG00000065431	2785	452	1026	610	6329	173
ENSMUSG00000065550	95	23	12	3	238	12
ENSMUSG00000065580	41	117	49	82	350	508
ENSMUSG00000076292	0	0	0	0	0	0
ENSMUSG00000065493	201	136	7	104	58	312
ENSMUSG00000080441	6	102	5	1	0	0
ENSMUSG00000080351	0	0	0	0	0	0
ENSMUSG00000065424	19	0	2	0	0	0
ENSMUSG00000065520	998	186	43	1	17	13
ENSMUSG00000065398	26	5	6	16	46	0
ENSMUSG00000087820	2	1	0	0	2	1
ENSMUSG00000088464	1	1	1	0	0	0
ENSMUSG00000088345	0	0	0	0	0	0
ENSMUSG00000088459	1	0	0	5	1	0
ENSMUSG00000080669	1183	1861	35	0	0	3
ENSMUSG00000088841	1	0	0	0	0	0
ENSMUSG00000065401	3196	17	2574	471	1503	135
ENSMUSG00000088300	0	0	0	0	0	0
ENSMUSG00000089216	0	0	0	0	0	0
ENSMUSG00000070077	10	15	3	0	0	0
ENSMUSG00000087745	0	0	0	0	0	0
ENSMUSG00000076370	0	0	0	0	0	1
ENSMUSG00000077818	0	0	0	0	0	0
ENSMUSG00000080549	0	0	0	0	0	0
ENSMUSG00000080423	0	0	0	0	0	0
ENSMUSG00000080602	0	0	0	0	0	0
ENSMUSG00000077807	0	0	0	0	0	0
ENSMUSG00000078036	0	0	0	1	0	0
ENSMUSG00000089494	0	0	0	0	4	0
ENSMUSG00000076004	0	0	0	0	4	2
ENSMUSG00000077836	0	0	0	0	0	0
ENSMUSG00000080447	0	0	0	0	0	0
ENSMUSG00000080671	0	0	0	0	0	0
ENSMUSG00000065502	0	0	0	0	0	917
ENSMUSG00000080633	0	0	0	0	0	0
ENSMUSG00000078015	0	0	0	0	0	0
ENSMUSG00000078061	0	0	0	0	0	0
ENSMUSG00000077958	0	0	0	0	0	0
ENSMUSG00000080529	0	0	0	0	0	0
ENSMUSG00000077995	0	0	0	0	0	0
ENSMUSG00000076424	0	0	0	0	0	0
ENSMUSG00000080609	0	0	0	0	0	0
ENSMUSG00000080692	0	0	0	0	0	0
ENSMUSG00000080555	0	0	0	0	0	0
ENSMUSG00000088834	0	0	0	0	1	0
ENSMUSG00000088457	0	0	0	0	0	0
ENSMUSG00000080389	0	0	0	0	0	0
ENSMUSG00000089013	0	0	0	0	0	0
ENSMUSG00000080455	0	0	0	0	0	0
ENSMUSG00000076217	0	0	0	0	0	3
ENSMUSG00000080685	0	0	0	0	0	0
ENSMUSG00000080547	0	0	0	0	0	0
ENSMUSG00000077884	0	0	0	0	0	0
ENSMUSG00000080429	0	0	0	0	0	0
ENSMUSG00000080585	0	0	0	0	0	0
ENSMUSG00000077955	0	0	0	0	0	0
ENSMUSG00000078045	0	0	0	0	0	0
ENSMUSG00000080666	0	0	0	0	0	0
ENSMUSG00000077976	0	0	0	0	0	0
ENSMUSG00000080574	0	0	0	0	0	0
ENSMUSG00000089212	0	0	0	0	1	0
ENSMUSG00000080391	0	0	0	0	0	0
ENSMUSG00000077892	0	0	0	0	0	0
ENSMUSG00000080636	0	0	0	0	0	0
ENSMUSG00000080507	0	0	0	0	0	0
ENSMUSG00000080548	0	0	0	0	0	0
ENSMUSG00000084514	0	1	1	1	0	0
ENSMUSG00000080385	0	0	0	0	0	0
ENSMUSG00000080443	0	0	0	0	0	0
ENSMUSG00000088347	0	0	0	0	1	0
ENSMUSG00000077923	0	0	0	0	0	0
ENSMUSG00000088492	0	0	0	0	0	0
ENSMUSG00000077886	0	0	0	0	9238	6
ENSMUSG00000077127	0	2	0	0	2	8609
ENSMUSG00000080473	0	0	0	0	0	0
ENSMUSG00000078019	0	0	0	0	0	0
ENSMUSG00000080638	0	0	0	0	0	0
ENSMUSG00000078012	0	0	0	0	0	0
ENSMUSG00000076010	0	2	0	12	32	0
ENSMUSG00000077863	0	0	0	0	0	0
ENSMUSG00000080552	0	0	0	0	0	0
ENSMUSG00000077832	0	0	0	0	0	0
ENSMUSG00000088985	0	0	0	0	0	0
ENSMUSG00000080392	0	0	0	0	0	0
ENSMUSG00000077131	0	0	0	0	0	0
ENSMUSG00000088478	0	0	0	0	0	0
ENSMUSG00000076144	0	0	0	0	0	0
ENSMUSG00000080515	0	0	0	0	0	0
ENSMUSG00000080484	0	0	0	0	0	0
ENSMUSG00000076042	0	0	0	0	0	0
ENSMUSG00000080586	0	0	0	0	0	0
ENSMUSG00000087827	0	1	0	0	166	0
ENSMUSG00000084535	0	0	0	0	0	0
ENSMUSG00000080496	0	0	0	0	0	0
ENSMUSG00000077821	0	0	0	1	0	0
ENSMUSG00000077914	0	0	0	0	0	0
ENSMUSG00000080495	0	0	0	0	0	0
ENSMUSG00000088355	0	0	0	0	0	0
ENSMUSG00000088513	0	0	0	0	0	0
ENSMUSG00000080614	0	0	0	0	0	0
ENSMUSG00000080449	0	0	0	0	0	0
ENSMUSG00000088912	0	0	0	0	0	0
ENSMUSG00000080498	0	0	0	0	0	0
ENSMUSG00000077980	0	0	1	0	0	0
ENSMUSG00000078010	0	0	0	0	0	0
ENSMUSG00000080513	0	0	0	0	0	0
ENSMUSG00000076119	0	0	0	0	0	0
ENSMUSG00000084559	0	0	0	0	0	0
ENSMUSG00000080416	0	0	0	0	0	0
ENSMUSG00000076409	0	0	0	0	0	0
ENSMUSG00000080690	0	0	0	0	0	0
ENSMUSG00000080562	0	0	0	0	0	0
ENSMUSG00000077095	0	0	0	0	0	0
ENSMUSG00000080367	0	0	0	0	0	0
ENSMUSG00000077860	0	0	0	0	0	0
ENSMUSG00000088074	0	0	0	0	0	0
ENSMUSG00000077090	0	0	0	0	0	0
ENSMUSG00000080646	0	0	0	0	0	0
ENSMUSG00000076377	0	0	0	0	1	0
ENSMUSG00000080592	0	0	0	0	0	0
ENSMUSG00000080345	0	0	0	0	0	0
ENSMUSG00000077993	0	0	0	0	0	0
ENSMUSG00000080648	0	0	0	0	0	0
ENSMUSG00000076999	0	0	0	0	0	0
ENSMUSG00000080624	0	0	0	0	0	0
ENSMUSG00000078017	0	0	0	0	4	388
ENSMUSG00000076036	0	0	1	1	0	0
ENSMUSG00000065552	0	0	0	0	12	0
ENSMUSG00000080464	0	0	0	0	0	3
ENSMUSG00000076218	0	0	0	0	0	0
ENSMUSG00000076234	0	0	0	0	0	0
ENSMUSG00000076231	0	0	0	0	0	0
ENSMUSG00000080355	0	0	0	0	0	0
ENSMUSG00000076037	0	0	0	0	0	0
ENSMUSG00000076233	0	0	0	0	0	0
ENSMUSG00000077883	0	0	0	0	0	0
ENSMUSG00000088373	0	0	0	0	0	0
ENSMUSG00000089519	0	0	0	0	1	0
ENSMUSG00000076038	0	0	0	0	0	0
ENSMUSG00000076236	0	0	0	0	0	0
ENSMUSG00000078051	0	0	0	0	0	0
ENSMUSG00000080485	0	0	0	0	1	0
ENSMUSG00000065432	0	0	109	0	0	0
ENSMUSG00000080668	0	0	0	0	0	0
ENSMUSG00000087755	0	0	0	0	0	0
ENSMUSG00000080414	0	0	0	0	0	0
ENSMUSG00000076230	0	0	0	0	0	0
ENSMUSG00000080523	0	0	0	0	0	0
ENSMUSG00000080568	0	0	0	0	0	0
ENSMUSG00000088556	0	0	0	0	0	0
ENSMUSG00000080511	0	0	0	0	0	0
ENSMUSG00000076445	0	0	0	0	0	0
ENSMUSG00000076032	0	0	0	0	0	0
ENSMUSG00000076229	0	0	0	0	0	0
ENSMUSG00000080625	0	0	0	0	0	0
ENSMUSG00000088998	0	0	0	0	0	0
ENSMUSG00000076035	0	0	0	0	0	0
ENSMUSG00000077928	0	0	2	0	0	1
ENSMUSG00000080531	0	0	0	0	0	0
ENSMUSG00000080576	0	0	0	0	0	0
ENSMUSG00000072837	0	0	0	1	0	0
ENSMUSG00000077890	0	0	0	0	0	0
ENSMUSG00000084516	0	0	0	0	0	0
ENSMUSG00000089187	0	0	0	0	0	2
ENSMUSG00000089294	0	0	0	3	0	0
ENSMUSG00000089357	0	0	0	0	15	0
ENSMUSG00000077965	0	0	0	0	0	0
ENSMUSG00000077873	0	0	0	0	0	0
ENSMUSG00000077827	0	0	0	0	0	0
ENSMUSG00000084458	0	0	0	0	0	0
ENSMUSG00000078067	0	0	0	0	0	0
ENSMUSG00000077999	0	0	0	0	0	0
ENSMUSG00000076454	0	0	0	0	0	0
ENSMUSG00000089623	0	0	0	0	0	0
ENSMUSG00000077899	0	0	0	0	0	0
ENSMUSG00000076033	0	0	0	0	0	0
ENSMUSG00000077096	0	0	0	0	0	0
ENSMUSG00000080559	0	0	0	0	0	0
ENSMUSG00000089323	0	0	0	0	0	0
ENSMUSG00000077059	0	0	0	0	0	3
ENSMUSG00000080506	0	0	0	0	0	0
ENSMUSG00000080409	0	0	0	0	0	0
ENSMUSG00000076984	0	0	0	0	0	0
ENSMUSG00000080619	0	0	0	0	0	0
ENSMUSG00000077092	0	0	0	0	0	7
ENSMUSG00000080419	0	0	0	0	0	0
ENSMUSG00000077133	0	0	0	0	0	0
ENSMUSG00000070131	0	0	0	0	0	0
ENSMUSG00000078041	0	0	0	0	2019	19
ENSMUSG00000078035	0	0	0	0	1655	26
ENSMUSG00000089244	0	0	0	0	0	1
ENSMUSG00000078004	0	0	0	0	0	0
ENSMUSG00000077956	0	0	0	0	20	6426
ENSMUSG00000080376	0	0	0	0	0	0
ENSMUSG00000070104	0	0	0	0	1	220
ENSMUSG00000088872	0	0	0	0	0	0
ENSMUSG00000078024	0	0	0	0	0	64
ENSMUSG00000070132	0	0	0	0	0	0
ENSMUSG00000077903	0	0	0	0	332	1
ENSMUSG00000076961	0	0	0	0	0	0
ENSMUSG00000077040	0	0	0	0	0	0
ENSMUSG00000089574	0	0	0	0	1	0
ENSMUSG00000076053	0	0	0	0	0	0
ENSMUSG00000080567	0	0	0	0	0	0
ENSMUSG00000080652	0	0	0	0	0	0
ENSMUSG00000080459	0	0	0	0	0	0
ENSMUSG00000080560	0	0	0	0	0	0
ENSMUSG00000080612	0	0	0	0	0	0
ENSMUSG00000076303	0	0	0	0	0	0
ENSMUSG00000076248	0	0	0	0	0	0
ENSMUSG00000088292	0	0	0	0	0	0
ENSMUSG00000080573	0	0	0	0	0	0
ENSMUSG00000080678	0	0	0	0	0	0
ENSMUSG00000080493	0	0	0	0	0	0
ENSMUSG00000080472	0	0	0	0	0	0
ENSMUSG00000080382	0	0	0	0	0	0
ENSMUSG00000076359	0	0	0	0	0	0
ENSMUSG00000076054	0	0	0	0	0	0
ENSMUSG00000076246	0	0	0	0	0	0
ENSMUSG00000076216	0	0	0	0	0	0
ENSMUSG00000080604	0	0	0	0	0	0
ENSMUSG00000080500	0	0	0	0	2	0
ENSMUSG00000087996	0	0	0	0	0	0
ENSMUSG00000080332	0	0	0	0	0	0
ENSMUSG00000076448	0	0	0	0	0	0
ENSMUSG00000076250	0	0	0	0	0	0
ENSMUSG00000088673	0	0	0	0	0	0
ENSMUSG00000076029	0	0	0	0	0	0
ENSMUSG00000065482	0	0	0	0	3	0
ENSMUSG00000084565	0	0	0	0	0	0
ENSMUSG00000078060	0	0	0	0	0	0
ENSMUSG00000076030	0	0	0	0	0	0
ENSMUSG00000089374	0	0	0	0	0	0
ENSMUSG00000080466	0	0	0	0	0	0
ENSMUSG00000065413	0	0	0	0	4	0
ENSMUSG00000076031	0	0	0	0	0	0
ENSMUSG00000089059	0	0	0	0	0	0
ENSMUSG00000077847	0	0	0	0	0	0
ENSMUSG00000076244	0	0	0	0	0	0
ENSMUSG00000076060	0	0	0	0	0	0
ENSMUSG00000077815	0	0	0	0	31	0
ENSMUSG00000076137	0	0	0	0	0	0
ENSMUSG00000078032	0	0	0	0	517	0
ENSMUSG00000065447	0	0	0	0	24	0
ENSMUSG00000078008	0	0	0	0	1282	0
ENSMUSG00000077994	0	0	0	0	0	0
ENSMUSG00000076057	0	0	0	0	0	0
ENSMUSG00000080686	0	0	0	0	0	0
ENSMUSG00000076275	0	0	0	0	49	0
ENSMUSG00000080386	0	0	0	0	0	0
ENSMUSG00000080657	0	0	0	0	0	0
ENSMUSG00000087706	0	0	0	0	0	0
ENSMUSG00000076249	0	0	0	0	0	0
ENSMUSG00000080571	0	0	0	0	0	0
ENSMUSG00000088699	0	0	0	0	0	0
ENSMUSG00000080422	0	0	0	0	0	0
ENSMUSG00000076237	0	0	0	0	0	0
ENSMUSG00000080599	0	0	0	0	0	0
ENSMUSG00000076228	0	0	0	0	0	0
ENSMUSG00000080649	0	0	0	0	0	0
ENSMUSG00000076407	0	0	0	0	0	0
ENSMUSG00000076414	0	0	0	0	0	0
ENSMUSG00000089180	0	0	0	0	0	0
ENSMUSG00000080344	0	0	0	0	0	0
ENSMUSG00000089467	0	0	0	0	0	0
ENSMUSG00000076227	0	0	0	0	0	0
ENSMUSG00000080550	0	0	0	0	0	0
ENSMUSG00000080346	0	0	0	0	0	0
ENSMUSG00000080444	0	0	0	0	0	0
ENSMUSG00000088833	0	0	0	0	0	0
ENSMUSG00000087818	0	0	0	0	0	0
ENSMUSG00000080543	0	0	0	0	0	0
ENSMUSG00000080598	0	0	0	0	0	0
ENSMUSG00000076039	0	0	0	0	0	0
ENSMUSG00000084651	0	0	0	0	0	0
ENSMUSG00000089523	0	0	0	0	0	0
ENSMUSG00000076136	0	0	0	0	0	0
ENSMUSG00000077817	0	0	0	0	0	0
ENSMUSG00000088809	0	0	0	0	0	0
ENSMUSG00000076327	0	0	0	0	0	0
ENSMUSG00000084663	0	0	0	0	0	0
ENSMUSG00000080362	0	0	0	0	0	0
ENSMUSG00000087855	0	0	0	0	0	0
ENSMUSG00000080521	0	0	0	0	0	0
ENSMUSG00000089611	0	0	0	0	0	0
ENSMUSG00000080527	0	0	0	0	0	0
ENSMUSG00000080554	0	0	0	0	0	0
ENSMUSG00000076428	0	0	0	0	0	0
ENSMUSG00000080640	0	0	0	0	0	0
ENSMUSG00000088319	0	0	0	0	0	0
ENSMUSG00000088590	0	0	0	0	0	0
ENSMUSG00000076356	0	0	0	0	0	0
